1681730804560 4.782690763473511 0
1681730804603 4.7720263481140135 0
1681730804647 4.756160688400269 0
1681730804690 4.737139415740967 0
1681730804734 4.72114782333374 0
1681730804777 4.708838224411011 0
1681730804821 4.6966071128845215 0
1681730804865 4.682209014892578 0
1681730804908 4.666014862060547 0
1681730804951 4.6526037693023685 0
1681730804994 4.636193180084229 0
1681730805037 4.617543363571167 0
1681730805080 4.610128164291382 0
1681730805122 4.595930004119873 0
1681730805166 4.581250286102295 0
1681730805209 4.560600662231446 0
1681730805252 4.554202032089234 0
1681730805299 4.53791446685791 0
1681730805341 4.522971773147583 0
1681730805384 4.509240341186524 0
1681730805427 4.500695419311524 0
1681730805470 4.48559308052063 0
1681730805514 4.469823408126831 0
1681730805558 4.450669145584106 0
1681730805601 4.435829973220825 0
1681730805644 4.428575563430786 0
1681730805687 4.4080853939056395 0
1681730805732 4.400193405151367 0
1681730805775 4.386416625976563 0
1681730805818 4.366405725479126 0
1681730805862 4.3643238067626955 0
1681730805908 4.352377986907959 0
1681730805951 4.331668901443481 0
1681730805995 4.320609426498413 0
1681730806038 4.299040842056274 0
1681730806081 4.295799350738525 0
1681730806124 4.278565454483032 0
1681730806168 4.2649109840393065 0
1681730806211 4.253993844985962 0
1681730806254 4.242269277572632 0
1681730806298 4.23419041633606 0
1681730806341 4.220908260345459 0
1681730806385 4.205177068710327 0
1681730806429 4.186080408096314 0
1681730806472 4.18244481086731 0
1681730806516 4.175145101547241 0
1681730806560 4.156082105636597 0
1681730806603 4.143747043609619 0
1681730806646 4.133727359771728 0
1681730806689 4.119248485565185 0
1681730806733 4.110203790664673 0
1681730806779 4.0948817253112795 0
1681730806828 4.080018329620361 0
1681730806875 4.077796936035156 0
1681730806923 4.062035989761353 0
1681730806977 4.050799465179443 0
1681730807032 4.037585306167602 0
1681730807081 4.025003671646118 0
1681730807134 4.01662244796753 0
1681730807191 4.0054154872894285 0
1681730807245 3.993020510673523 0
1681730807298 3.9826712131500246 0
1681730807351 3.969238114356995 0
1681730807403 3.9654572010040283 0
1681730807457 3.9506694078445435 0
1681730807508 3.933898758888245 0
1681730807560 3.9294790267944335 0
1681730807612 3.9077241897583006 0
1681730807667 3.9085949420928956 0
1681730807722 3.9024633884429933 0
1681730807775 3.8820130825042725 0
1681730807827 3.8755802392959593 0
1681730807872 3.866864466667175 0
1681730807916 3.8481813192367555 0
1681730807962 3.840852379798889 0
1681730808006 3.8337936878204344 0
1681730808051 3.818503427505493 0
1681730808096 3.808034133911133 0
1681730808139 3.7990413665771485 0
1681730808182 3.7916387796401976 0
1681730808225 3.7828181982040405 0
1681730808268 3.7777544975280763 0
1681730808311 3.759890985488892 0
1681730808354 3.7453779220581054 0
1681730808398 3.7400453090667725 0
1681730808441 3.7300551652908327 0
1681730808484 3.72423141002655 0
1681730808529 3.7085495948791505 0
1681730808571 3.709959554672241 0
1681730808615 3.6948973655700685 0
1681730808658 3.685900926589966 0
1681730808701 3.671744441986084 0
1681730808745 3.6686169385910032 0
1681730808787 3.6569918394088745 0
1681730808831 3.6431928634643556 0
1681730808874 3.63651556968689 0
1681730808917 3.6276071310043334 0
1681730808961 3.617178702354431 0
1681730809004 3.61046416759491 0
1681730809047 3.6016959667205812 0
1681730809090 3.5868565320968626 0
1681730809134 3.5836814403533936 0
1681730809176 3.5736265420913695 0
1681730809220 3.565595507621765 0
1681730809264 3.5567445516586305 0
1681730809307 3.550243926048279 0
1681730809350 3.543791651725769 0
1681730809393 3.5327481985092164 0
1681730809439 3.527955508232117 0
1681730809481 3.5193656206130983 0
1681730809524 3.5046374082565306 0
1681730809568 3.503302526473999 0
1681730809611 3.4956061124801634 0
1681730809654 3.4822423219680787 0
1681730809698 3.474166417121887 0
1681730809741 3.4657777547836304 0
1681730809784 3.456985020637512 0
1681730809827 3.4500818490982055 0
1681730809869 3.4447086334228514 0
1681730809912 3.433495044708252 0
1681730809955 3.428869295120239 0
1681730809999 3.424809980392456 0
1681730810042 3.417114806175232 0
1681730810085 3.4141122579574583 0
1681730810129 3.3978081941604614 0
1681730810172 3.3916637659072877 0
1681730810217 3.378541350364685 0
1681730810266 3.3700572729110716 0
1681730810315 3.3702862739562987 0
1681730810364 3.35867862701416 0
1681730810411 3.3471497774124144 0
1681730810460 3.3464847087860106 0
1681730810507 3.3390216588974 0
1681730810554 3.3343244314193727 0
1681730810603 3.3287683963775634 0
1681730810651 3.3152700424194337 0
1681730810699 3.3063907384872437 0
1681730810747 3.311123180389404 0
1681730810794 3.2981521129608153 0
1681730810838 3.2955286264419557 0
1681730810881 3.285767674446106 0
1681730810924 3.2756520748138427 0
1681730810967 3.2693648099899293 0
1681730811010 3.267705035209656 0
1681730811053 3.262105178833008 0
1681730811097 3.245718312263489 0
1681730811140 3.250348162651062 0
1681730811185 3.2434826850891114 0
1681730811232 3.233984136581421 0
1681730811275 3.223258137702942 0
1681730811317 3.2248102188110352 0
1681730811361 3.2105435132980347 0
1681730811404 3.2045652627944947 0
1681730811451 3.2007874488830566 0
1681730811508 3.2016079902648924 0
1681730811573 3.184901261329651 0
1681730811625 3.190329360961914 0
1681730811670 3.17985463142395 0
1681730811717 3.1708388566970824 0
1681730811762 3.1673817157745363 0
1681730811806 3.1591132640838624 0
1681730811851 3.1595898389816286 0
1681730811895 3.1513275861740113 0
1681730811938 3.148405909538269 0
1681730811982 3.146295928955078 0
1681730812026 3.140248680114746 0
1681730812071 3.129314827919006 0
1681730812115 3.118171525001526 0
1681730812158 3.1148826837539674 0
1681730812202 3.1201063871383665 0
1681730812246 3.1072031021118165 0
1681730812290 3.0973156213760378 0
1681730812333 3.093188977241516 0
1681730812376 3.091383671760559 0
1681730812426 3.0916094064712523 0
1681730812472 3.0841457843780518 0
1681730812516 3.079275608062744 0
1681730812559 3.0694565534591676 0
1681730812604 3.068882870674133 0
1681730812647 3.06240828037262 0
1681730812690 3.055776906013489 0
1681730812734 3.0453455686569213 0
1681730812777 3.0448878049850463 0
1681730812820 3.0414799451828003 0
1681730812864 3.038581919670105 0
1681730812906 3.035392951965332 0
1681730812950 3.02295925617218 0
1681730812993 3.0241127014160156 0
1681730813037 3.021953320503235 0
1681730813080 3.017703318595886 0
1681730813123 3.0088100910186766 0
1681730813173 3.005135107040405 0
1681730813235 3.0027891635894775 0
1681730813282 2.99456729888916 0
1681730813329 2.989116930961609 0
1681730813375 2.9850378036499023 0
1681730813421 2.9788575887680055 0
1681730813470 2.9834382057189943 0
1681730813518 2.979100823402405 0
1681730813565 2.9671390771865847 0
1681730813615 2.9610861778259276 0
1681730813668 2.9584434270858764 0
1681730813719 2.9561951398849486 0
1681730813771 2.9571405410766602 0
1681730813823 2.949520134925842 0
1681730813874 2.9478534698486327 0
1681730813928 2.9405033349990846 0
1681730813982 2.9383459091186523 0
1681730814036 2.9404667139053347 0
1681730814089 2.9305866718292237 0
1681730814141 2.9293167352676392 0
1681730814195 2.9165783166885375 0
1681730814242 2.9235817432403564 0
1681730814286 2.918161416053772 0
1681730814329 2.9164857625961305 0
1681730814372 2.9108949661254884 0
1681730814415 2.9107421159744264 0
1681730814458 2.9020102977752686 0
1681730814502 2.8981592416763307 0
1681730814544 2.9025141954422 0
1681730814587 2.887747550010681 0
1681730814630 2.8888375043869017 0
1681730814673 2.8892747163772583 0
1681730814718 2.8863288879394533 0
1681730814760 2.8712156057357787 0
1681730814803 2.875591444969177 0
1681730814845 2.8727019309997557 0
1681730814888 2.866847062110901 0
1681730814931 2.8589391469955445 0
1681730814973 2.85828173160553 0
1681730815017 2.8596716642379763 0
1681730815060 2.8559803009033202 0
1681730815103 2.856921148300171 0
1681730815145 2.8540268182754516 0
1681730815187 2.83856086730957 0
1681730815233 2.839259886741638 0
1681730815276 2.8394702911376952 0
1681730815319 2.8401999473571777 0
1681730815365 2.840355110168457 0
1681730815407 2.82900755405426 0
1681730815450 2.824577045440674 0
1681730815493 2.824166011810303 0
1681730815536 2.814931797981262 0
1681730815579 2.8178544521331785 0
1681730815621 2.8119213342666627 0
1681730815664 2.811290431022644 0
1681730815707 2.8096126556396483 0
1681730815749 2.8088117599487306 0
1681730815793 2.8064099311828614 0
1681730815853 2.7999919652938843 0
1681730815897 2.793895387649536 0
1681730815939 2.7983407974243164 0
1681730815982 2.796468210220337 0
1681730816026 2.786625695228577 0
1681730816069 2.7873902797698973 0
1681730816111 2.779832649230957 0
1681730816153 2.791133666038513 0
1681730816195 2.772648882865906 0
1681730816240 2.777008056640625 0
1681730816281 2.7751060962677 0
1681730816324 2.768375825881958 0
1681730816367 2.7712786197662354 0
1681730816409 2.768877696990967 0
1681730816452 2.767074155807495 0
1681730816495 2.7613614559173585 0
1681730816538 2.760743999481201 0
1681730816581 2.760876679420471 0
1681730816625 2.754640555381775 0
1681730816668 2.7562548875808717 0
1681730816711 2.7514461994171144 0
1681730816755 2.7475969791412354 0
1681730816798 2.7435025930404664 0
1681730816840 2.7465522289276123 0
1681730816883 2.7398641109466553 0
1681730816926 2.736454439163208 0
1681730816969 2.7397140741348265 0
1681730817012 2.7377635717391966 0
1681730817054 2.7352219343185427 0
1681730817096 2.7281041383743285 0
1681730817139 2.725277543067932 0
1681730817181 2.7223273515701294 0
1681730817224 2.7248844861984254 0
1681730817267 2.7188106298446657 0
1681730817309 2.722579741477966 0
1681730817352 2.719197082519531 0
1681730817394 2.7108086824417112 0
1681730817437 2.7194129467010497 0
1681730817480 2.716414737701416 0
1681730817524 2.7047688007354735 0
1681730817566 2.704052448272705 0
1681730817608 2.7057119607925415 0
1681730817651 2.7007219791412354 0
1681730817695 2.703016662597656 0
1681730817737 2.70033917427063 0
1681730817780 2.6999337911605834 0
1681730817823 2.698394274711609 0
1681730817866 2.6946313619613647 0
1681730817908 2.694077754020691 0
1681730817951 2.6875340700149537 0
1681730817993 2.697534942626953 0
1681730818037 2.6821730375289916 0
1681730818079 2.676163387298584 0
1681730818122 2.6851152658462523 0
1681730818166 2.687787914276123 0
1681730818209 2.693008232116699 0
1681730818252 2.678012990951538 0
1681730818295 2.6841872215270994 0
1681730818339 2.6806965351104735 0
1681730818381 2.6702317714691164 0
1681730818425 2.6715802907943726 0
1681730818467 2.679645276069641 0
1681730818510 2.671024203300476 0
1681730818554 2.670122671127319 0
1681730818597 2.6712048292160033 0
1681730818639 2.659677267074585 0
1681730818682 2.664116382598877 0
1681730818723 2.6595885515213014 0
1681730818766 2.6569238662719727 0
1681730818808 2.6587686777114867 0
1681730818850 2.6666929483413697 0
1681730818892 2.653824472427368 0
1681730818934 2.6583385467529297 0
1681730818977 2.65683650970459 0
1681730819019 2.660348081588745 0
1681730819062 2.6427911520004272 0
1681730819104 2.6514771223068236 0
1681730819147 2.6535892248153687 0
1681730819190 2.6512295246124267 0
1681730819232 2.6489527463912963 0
1681730819276 2.6457909822463987 0
1681730819323 2.642527222633362 0
1681730819366 2.642177152633667 0
1681730819408 2.6456254720687866 0
1681730819452 2.644408631324768 0
1681730819494 2.635065960884094 0
1681730819537 2.6362927913665772 0
1681730819580 2.6341920614242555 0
1681730819628 2.638451170921326 0
1681730819671 2.6314784049987794 0
1681730819715 2.636929655075073 0
1681730819758 2.6359617710113525 0
1681730819801 2.6348224878311157 0
1681730819843 2.6334017515182495 0
1681730819886 2.628244709968567 0
1681730819929 2.6297634840011597 0
1681730819972 2.625931739807129 0
1681730820017 2.625499629974365 0
1681730820059 2.628222036361694 0
1681730820102 2.6205662965774534 0
1681730820145 2.6202987670898437 0
1681730820189 2.6207223892211915 0
1681730820232 2.623166799545288 0
1681730820281 2.6211209058761598 0
1681730820328 2.6226627349853517 0
1681730820376 2.616648268699646 0
1681730820426 2.609766435623169 0
1681730820474 2.6139376163482666 0
1681730820521 2.6073392391204835 0
1681730820569 2.6117494344711303 0
1681730820618 2.611512851715088 0
1681730820666 2.6054146766662596 0
1681730820713 2.6034387350082397 0
1681730820762 2.609767508506775 0
1681730820808 2.60533185005188 0
1681730820851 2.6079789638519286 0
1681730820893 2.610033059120178 0
1681730820936 2.6060311079025267 0
1681730820979 2.6032712936401365 0
1681730821023 2.605340361595154 0
1681730821067 2.6031928062438965 0
1681730821109 2.6004068851470947 0
1681730821153 2.596640205383301 0
1681730821196 2.5978290319442747 0
1681730821240 2.5987152576446535 0
1681730821282 2.588228225708008 0
1681730821326 2.59111225605011 0
1681730821369 2.594362235069275 0
1681730821412 2.606479597091675 0
1681730821454 2.590233588218689 0
1681730821497 2.594562029838562 0
1681730821540 2.5921108722686768 0
1681730821583 2.5989609718322755 0
1681730821634 2.5947261095046996 0
1681730821677 2.589290738105774 0
1681730821720 2.594663643836975 0
1681730821763 2.5934367418289184 0
1681730821805 2.5966915607452394 0
1681730821848 2.58470242023468 0
1681730821891 2.5835788249969482 0
1681730821933 2.5851035594940184 0
1681730821977 2.583727264404297 0
1681730822019 2.581694221496582 0
1681730822061 2.5850058794021606 0
1681730822104 2.587672567367554 0
1681730822147 2.5895251750946047 0
1681730822191 2.576102542877197 0
1681730822233 2.5862882852554323 0
1681730822275 2.581790637969971 0
1681730822318 2.571688008308411 0
1681730822360 2.5769251585006714 0
1681730822402 2.5767986536026 0
1681730822444 2.5781497955322266 0
1681730822487 2.5766998291015626 0
1681730822530 2.5759549140930176 0
1681730822572 2.5739421606063844 0
1681730822614 2.5736595153808595 0
1681730822657 2.5679028272628783 0
1681730822699 2.574578785896301 0
1681730822742 2.576198935508728 0
1681730822784 2.57007098197937 0
1681730822826 2.5687306404113768 0
1681730822869 2.575752687454224 0
1681730822911 2.565975475311279 0
1681730822954 2.5652469635009765 0
1681730822997 2.5712310314178466 0
1681730823040 2.5728434324264526 0
1681730823083 2.5709829330444336 0
1681730823125 2.570004439353943 0
1681730823174 2.569955587387085 0
1681730823217 2.5743617534637453 0
1681730823259 2.5694509744644165 0
1681730823302 2.5622090816497805 0
1681730823345 2.5689367294311523 0
1681730823389 2.560814690589905 0
1681730823432 2.5607465267181397 0
1681730823475 2.5663864850997924 0
1681730823517 2.557239031791687 0
1681730823559 2.5630090713500975 0
1681730823603 2.5590948343276976 0
1681730823646 2.562784504890442 0
1681730823689 2.5592161655426025 0
1681730823731 2.5646222829818726 0
1681730823774 2.559392499923706 0
1681730823817 2.560382103919983 0
1681730823859 2.5626295804977417 0
1681730823903 2.5642736911773683 0
1681730823945 2.553185296058655 0
1681730823987 2.554687762260437 0
1681730824031 2.5596585988998415 0
1681730824073 2.5590537786483765 0
1681730824116 2.554261255264282 0
1681730824158 2.5583369970321654 0
1681730824200 2.549009823799133 0
1681730824243 2.551385736465454 0
1681730824285 2.5545848608016968 0
1681730824328 2.5470724582672117 0
1681730824371 2.556228828430176 0
1681730824414 2.556061625480652 0
1681730824456 2.550110697746277 0
1681730824500 2.546282696723938 0
1681730824544 2.552103137969971 0
1681730824587 2.5489532709121705 0
1681730824631 2.5438756704330445 0
1681730824673 2.550362730026245 0
1681730824717 2.5432440519332884 0
1681730824760 2.5506346940994264 0
1681730824802 2.540763783454895 0
1681730824846 2.5546403169631957 0
1681730824888 2.5394440650939942 0
1681730824931 2.5420650243759155 0
1681730824975 2.5373894691467287 0
1681730825018 2.545523762702942 0
1681730825060 2.5457025289535524 0
1681730825104 2.5517577648162844 0
1681730825146 2.5461666107177736 0
1681730825189 2.551284170150757 0
1681730825231 2.5437950611114504 0
1681730825274 2.5375226497650147 0
1681730825318 2.5482922315597536 0
1681730825360 2.538840651512146 0
1681730825402 2.5415059328079224 0
1681730825449 2.5383841514587404 0
1681730825491 2.5489254713058473 0
1681730825534 2.5422483921051025 0
1681730825577 2.549638199806213 0
1681730825620 2.549664306640625 0
1681730825664 2.5425654888153075 0
1681730825706 2.5393467426300047 0
1681730825749 2.543713164329529 0
1681730825791 2.540857744216919 0
1681730825833 2.5456170558929445 0
1681730825884 2.5489058971405028 0
1681730825950 2.535020089149475 0
1681730825994 2.5400232791900637 0
1681730826038 2.54079852104187 0
1681730826080 2.539597010612488 0
1681730826124 2.5446621894836428 0
1681730826168 2.5466843366622927 0
1681730826212 2.5329966306686402 0
1681730826255 2.539633798599243 0
1681730826298 2.539315104484558 0
1681730826341 2.538749361038208 0
1681730826384 2.5375463724136353 0
1681730826426 2.530087614059448 0
1681730826469 2.5272124290466307 0
1681730826512 2.5373585700988768 0
1681730826555 2.5352303266525267 0
1681730826598 2.5389894008636475 0
1681730826641 2.5397587060928344 0
1681730826684 2.5322664976119995 0
1681730826726 2.5313632011413576 0
1681730826769 2.5335994005203246 0
1681730826812 2.5354101181030275 0
1681730826855 2.527887058258057 0
1681730826897 2.534469389915466 0
1681730826940 2.5275939464569093 0
1681730826984 2.5321932315826414 0
1681730827028 2.531299114227295 0
1681730827071 2.5275014877319335 0
1681730827116 2.538774919509888 0
1681730827171 2.5208698987960814 0
1681730827222 2.5342402935028074 0
1681730827276 2.5279966592788696 0
1681730827327 2.5379284858703612 0
1681730827370 2.52879638671875 0
1681730827413 2.53505425453186 0
1681730827455 2.526959466934204 0
1681730827499 2.5277657508850098 0
1681730827550 2.5381260395050047 0
1681730827594 2.523736071586609 0
1681730827638 2.532490348815918 0
1681730827681 2.519439125061035 0
1681730827722 2.5276936531066894 0
1681730827764 2.521436595916748 0
1681730827806 2.5368050575256347 0
1681730827850 2.523932695388794 0
1681730827892 2.5226948738098143 0
1681730827934 2.523038697242737 0
1681730827976 2.5362945795059204 0
1681730828018 2.5333603620529175 0
1681730828062 2.5177796363830565 0
1681730828104 2.5336011409759522 0
1681730828148 2.5308753728866575 0
1681730828191 2.5338062763214113 0
1681730828234 2.5148200035095214 0
1681730828276 2.526761698722839 0
1681730828318 2.5254531383514403 0
1681730828360 2.5278883457183836 0
1681730828404 2.5266101360321045 0
1681730828446 2.522311234474182 0
1681730828490 2.5250837802886963 0
1681730828533 2.5253352403640745 0
1681730828576 2.5387650966644286 0
1681730828619 2.5201825380325316 0
1681730828662 2.526438331604004 0
1681730828705 2.5195302248001097 0
1681730828748 2.5278445720672607 0
1681730828791 2.5286803007125855 0
1681730828835 2.529183101654053 0
1681730828876 2.523697543144226 0
1681730828919 2.5188257455825807 0
1681730828961 2.5159168243408203 0
1681730829003 2.5239725351333617 0
1681730829046 2.520605945587158 0
1681730829088 2.5216534614562987 0
1681730829131 2.5307113885879517 0
1681730829173 2.524386501312256 0
1681730829217 2.5251993894577027 0
1681730829259 2.521253061294556 0
1681730829300 2.5170361042022704 0
1681730829343 2.5117531776428224 0
1681730829385 2.5108227014541624 0
1681730829427 2.522036910057068 0
1681730829469 2.515853667259216 0
1681730829511 2.519642448425293 0
1681730829555 2.519000434875488 0
1681730829599 2.5301120281219482 0
1681730829645 2.5279955148696898 0
1681730829688 2.5191113471984865 0
1681730829730 2.512331008911133 0
1681730829772 2.5161771535873414 0
1681730829814 2.5192092657089233 0
1681730829857 2.5150303840637207 0
1681730829903 2.5166353940963746 0
1681730829951 2.522010827064514 0
1681730829998 2.5164936065673826 0
1681730830047 2.50697603225708 0
1681730830095 2.5135767459869385 0
1681730830141 2.521825885772705 0
1681730830190 2.519031047821045 0
1681730830238 2.5238211870193483 0
1681730830291 2.5172215700149536 0
1681730830342 2.5143467664718626 0
1681730830394 2.5134976387023924 0
1681730830445 2.5040616035461425 0
1681730830500 2.509389114379883 0
1681730830556 2.517298936843872 0
1681730830608 2.5134741067886353 0
1681730830663 2.5170571565628053 0
1681730830715 2.519308304786682 0
1681730830774 2.5087629318237306 0
1681730830825 2.5196674346923826 0
1681730830876 2.5183605670928957 0
1681730830921 2.5174059867858887 0
1681730830973 2.5162922143936157 0
1681730831023 2.517609143257141 0
1681730831080 2.5120814561843874 0
1681730831145 2.516563296318054 0
1681730831199 2.5148625135421754 0
1681730831243 2.5135268449783323 0
1681730831285 2.5124330282211305 0
1681730831327 2.508294129371643 0
1681730831369 2.50904266834259 0
1681730831412 2.5137691736221313 0
1681730831454 2.520287823677063 0
1681730831497 2.521602249145508 0
1681730831540 2.5072455406188965 0
1681730831583 2.5147525310516357 0
1681730831626 2.5103065967559814 0
1681730831668 2.5138784646987915 0
1681730831712 2.520094561576843 0
1681730831756 2.515592932701111 0
1681730831799 2.51483097076416 0
1681730831843 2.5221430540084837 0
1681730831886 2.5145208120346068 0
1681730831930 2.5042701244354246 0
1681730831973 2.506284761428833 0
1681730832016 2.5070421934127807 0
1681730832060 2.5142653942108155 0
1681730832104 2.5209649085998533 0
1681730832148 2.507575011253357 0
1681730832190 2.5237934827804565 0
1681730832233 2.5137768268585203 0
1681730832275 2.517098641395569 0
1681730832319 2.5054518461227415 0
1681730832362 2.5126544713973997 0
1681730832403 2.502343535423279 0
1681730832446 2.510474133491516 0
1681730832490 2.5192767143249513 0
1681730832534 2.505388355255127 0
1681730832577 2.51125648021698 0
1681730832621 2.5063997507095337 0
1681730832663 2.507152533531189 0
1681730832705 2.4990517616271974 0
1681730832748 2.508251166343689 0
1681730832791 2.503941869735718 0
1681730832833 2.510180044174194 0
1681730832876 2.508269429206848 0
1681730832919 2.503190803527832 0
1681730832962 2.511813688278198 0
1681730833005 2.5053412437438967 0
1681730833048 2.5172690629959105 0
1681730833090 2.5071174621582033 0
1681730833133 2.512390685081482 0
1681730833175 2.51767418384552 0
1681730833218 2.50974702835083 0
1681730833261 2.501234197616577 0
1681730833303 2.517598867416382 0
1681730833345 2.5138008832931518 0
1681730833388 2.503794050216675 0
1681730833430 2.5026031494140626 0
1681730833472 2.521164560317993 0
1681730833515 2.512559652328491 0
1681730833558 2.508404493331909 0
1681730833600 2.5009334325790404 0
1681730833643 2.507384490966797 0
1681730833686 2.5111096620559694 0
1681730833729 2.502312517166138 0
1681730833771 2.5084506273269653 0
1681730833814 2.511706757545471 0
1681730833856 2.5041345596313476 0
1681730833900 2.502441239356995 0
1681730833942 2.505811595916748 0
1681730833985 2.5100054025650023 0
1681730834027 2.5051215410232546 0
1681730834069 2.5061472177505495 0
1681730834112 2.505331540107727 0
1681730834154 2.5055333375930786 0
1681730834196 2.504900097846985 0
1681730834238 2.5041210412979127 0
1681730834281 2.5220596313476564 0
1681730834323 2.49690260887146 0
1681730834366 2.5046944618225098 0
1681730834409 2.508606481552124 0
1681730834451 2.5016876697540282 0
1681730834494 2.501551651954651 0
1681730834536 2.4978342056274414 0
1681730834579 2.5055071353912353 0
1681730834621 2.508458971977234 0
1681730834665 2.500465726852417 0
1681730834708 2.501309132575989 0
1681730834750 2.513201928138733 0
1681730834793 2.5038424015045164 0
1681730834835 2.5013776063919066 0
1681730834877 2.5105158567428587 0
1681730834920 2.500382328033447 0
1681730834963 2.514206552505493 0
1681730835005 2.5053157806396484 0
1681730835049 2.491941523551941 0
1681730835096 2.5047242641448975 0
1681730835139 2.5138348817825316 0
1681730835182 2.5082312345504763 0
1681730835224 2.5074093103408814 0
1681730835266 2.4972819805145265 0
1681730835309 2.5015381813049316 0
1681730835352 2.506468725204468 0
1681730835394 2.5145820140838624 0
1681730835437 2.502257800102234 0
1681730835479 2.4958070278167725 0
1681730835522 2.5113367557525637 0
1681730835569 2.4975168466567994 0
1681730835611 2.4991170167922974 0
1681730835655 2.5069836378097534 0
1681730835698 2.497555160522461 0
1681730835740 2.5089707136154176 0
1681730835783 2.5060195684432984 0
1681730835825 2.497581887245178 0
1681730835868 2.5143479347229003 0
1681730835910 2.5018162727355957 0
1681730835953 2.5002858638763428 0
1681730835996 2.5007131814956667 0
1681730836038 2.504495716094971 0
1681730836081 2.4964580297470094 0
1681730836124 2.5090911626815795 0
1681730836202 2.5046838998794554 0
1681730836246 2.5018091201782227 0
1681730836289 2.5107351541519165 0
1681730836332 2.506083297729492 0
1681730836374 2.495845341682434 0
1681730836417 2.506392550468445 0
1681730836460 2.49055278301239 0
1681730836503 2.500078248977661 0
1681730836546 2.5040508031845095 0
1681730836588 2.4975462436676024 0
1681730836632 2.505109357833862 0
1681730836675 2.4924851655960083 0
1681730836717 2.5002858638763428 0
1681730836759 2.504147458076477 0
1681730836801 2.500447130203247 0
1681730836844 2.4968713521957397 0
1681730836887 2.501865553855896 0
1681730836929 2.5050835609436035 0
1681730836971 2.4968625783920286 0
1681730837014 2.4986950397491454 0
1681730837056 2.5074639558792113 0
1681730837099 2.4985189199447633 0
1681730837142 2.5013564348220827 0
1681730837185 2.497077775001526 0
1681730837227 2.4953344583511354 0
1681730837269 2.498687672615051 0
1681730837312 2.5013386726379396 0
1681730837355 2.5046071767807008 0
1681730837398 2.4966930627822874 0
1681730837441 2.50223126411438 0
1681730837484 2.493304634094238 0
1681730837526 2.498383569717407 0
1681730837569 2.5046897649765016 0
1681730837611 2.4983251333236693 0
1681730837655 2.4940042734146117 0
1681730837699 2.4999197244644167 0
1681730837742 2.493987727165222 0
1681730837784 2.505810856819153 0
1681730837827 2.4948767185211183 0
1681730837870 2.4935567378997803 0
1681730837912 2.500389003753662 0
1681730837955 2.5023845195770265 0
1681730837998 2.500081467628479 0
1681730838041 2.496146726608276 0
1681730838085 2.4952032804489135 0
1681730838127 2.4982132434844972 0
1681730838171 2.499123454093933 0
1681730838214 2.5014967918395996 0
1681730838257 2.4970118522644045 0
1681730838300 2.502881383895874 0
1681730838343 2.494170141220093 0
1681730838386 2.497289705276489 0
1681730838430 2.4965622663497924 0
1681730838472 2.505507731437683 0
1681730838523 2.499067258834839 0
1681730838574 2.490626645088196 0
1681730838624 2.4950000047683716 0
1681730838674 2.4991423368453978 0
1681730838727 2.4943061113357543 0
1681730838778 2.501332139968872 0
1681730838828 2.504659414291382 0
1681730838878 2.5018737077713014 0
1681730838931 2.491433262825012 0
1681730838987 2.4996350765228272 0
1681730839039 2.5023789167404176 0
1681730839089 2.4955250024795532 0
1681730839137 2.489791750907898 0
1681730839187 2.4965761423110964 0
1681730839235 2.4912184953689573 0
1681730839285 2.5050908803939818 0
1681730839337 2.493773102760315 0
1681730839387 2.4995666265487673 0
1681730839433 2.5025362730026246 0
1681730839476 2.499177074432373 0
1681730839519 2.4992032766342165 0
1681730839562 2.497129225730896 0
1681730839604 2.497829008102417 0
1681730839648 2.4996535539627076 0
1681730839691 2.4911807060241697 0
1681730839740 2.4994579792022704 0
1681730839789 2.496220588684082 0
1681730839834 2.4995806932449343 0
1681730839885 2.500691866874695 0
1681730839946 2.4918636083602905 0
1681730840048 2.4954158067703247 0
1681730840201 2.4987819671630858 0
1681730840342 2.4938449382781984 0
1681730840500 2.4979905128479003 0
1681730840657 2.4903538465499877 0
1681730840740 2.500960612297058 0
1681730840798 2.494278001785278 0
1681730840848 2.4960567235946653 0
1681730840903 2.5005364418029785 0
1681730840964 2.489611029624939 0
1681730841018 2.489229416847229 0
1681730841073 2.498937249183655 0
1681730841123 2.499106287956238 0
1681730841172 2.4907984018325804 0
1681730841221 2.5011058330535887 0
1681730841271 2.496043157577515 0
1681730841321 2.4892274141311646 0
1681730841370 2.5019771337509153 0
1681730841419 2.491815757751465 0
1681730841470 2.498427391052246 0
1681730841526 2.4898021936416628 0
1681730841581 2.500103497505188 0
1681730841627 2.499540591239929 0
1681730841675 2.5000086545944216 0
1681730841719 2.4838701248168946 0
1681730841764 2.490822267532349 0
1681730841807 2.4950278997421265 0
1681730841849 2.4942771434783935 0
1681730841892 2.4984661102294923 0
1681730841935 2.494702363014221 0
1681730841978 2.501202416419983 0
1681730842020 2.5028440952301025 0
1681730842064 2.4928614139556884 0
1681730842127 2.494358468055725 0
1681730842181 2.489660310745239 0
1681730842228 2.489797902107239 0
1681730842295 2.496413064002991 0
1681730842368 2.491153931617737 0
1681730842433 2.4864187717437742 0
1681730842519 2.499685502052307 0
1681730842568 2.4920471906661987 0
1681730842615 2.5006402015686033 0
1681730842662 2.4933207035064697 0
1681730842706 2.4894543647766114 0
1681730842761 2.493018364906311 0
1681730842814 2.4991461992263795 0
1681730842865 2.496695399284363 0
1681730842910 2.486436438560486 0
1681730842956 2.489415407180786 0
1681730843002 2.4951974391937255 0
1681730843046 2.492559051513672 0
1681730843088 2.495208406448364 0
1681730843131 2.490169954299927 0
1681730843173 2.487792897224426 0
1681730843215 2.4969558238983156 0
1681730843259 2.4924306154251097 0
1681730843300 2.500404715538025 0
1681730843342 2.496157646179199 0
1681730843384 2.4935282707214355 0
1681730843429 2.4952652931213377 0
1681730843471 2.4893381118774416 0
1681730843512 2.498425102233887 0
1681730843554 2.4874440670013427 0
1681730843596 2.492023730278015 0
1681730843638 2.499648928642273 0
1681730843683 2.493395733833313 0
1681730843724 2.496140384674072 0
1681730843766 2.4996156454086305 0
1681730843808 2.4925496101379396 0
1681730843850 2.488899993896484 0
1681730843893 2.498896622657776 0
1681730843934 2.500392699241638 0
1681730843975 2.48319890499115 0
1681730844017 2.4964621305465697 0
1681730844059 2.4855234384536744 0
1681730844102 2.494740200042725 0
1681730844149 2.4881402015686036 0
1681730844198 2.4999536275863647 0
1681730844246 2.489937973022461 0
1681730844294 2.4883947134017945 0
1681730844340 2.4977645874023438 0
1681730844389 2.4909860610961916 0
1681730844444 2.4877764225006103 0
1681730844493 2.49096839427948 0
1681730844539 2.4991326570510863 0
1681730844586 2.498601484298706 0
1681730844639 2.494060730934143 0
1681730844689 2.4906591892242433 0
1681730844737 2.489750337600708 0
1681730844787 2.495004105567932 0
1681730844845 2.4934454202651977 0
1681730844903 2.495607042312622 0
1681730844953 2.4884639501571657 0
1681730845004 2.485925054550171 0
1681730845053 2.5034488916397093 0
1681730845102 2.4941729307174683 0
1681730845151 2.4959540367126465 0
1681730845203 2.4933995723724367 0
1681730845252 2.493265438079834 0
1681730845304 2.487670135498047 0
1681730845353 2.4948700189590456 0
1681730845404 2.496025061607361 0
1681730845453 2.492255759239197 0
1681730845503 2.4924073457717895 0
1681730845553 2.49202983379364 0
1681730845603 2.4910526275634766 0
1681730845655 2.487177515029907 0
1681730845707 2.490412640571594 0
1681730845756 2.4866827011108397 0
1681730845805 2.49557249546051 0
1681730845854 2.489080810546875 0
1681730845903 2.4952390432357787 0
1681730845951 2.4884572982788087 0
1681730846001 2.495641994476318 0
1681730846051 2.4887980699539183 0
1681730846100 2.492695713043213 0
1681730846144 2.490536856651306 0
1681730846187 2.495202660560608 0
1681730846229 2.493442916870117 0
1681730846273 2.4913665533065794 0
1681730846318 2.4850016593933106 0
1681730846360 2.4973745346069336 0
1681730846405 2.4870031833648683 0
1681730846447 2.4932733535766602 0
1681730846489 2.4866919040679933 0
1681730846534 2.4920358896255492 0
1681730846576 2.484106159210205 0
1681730846619 2.4892948150634764 0
1681730846662 2.492578935623169 0
1681730846705 2.4995426893234254 0
1681730846750 2.4914182901382445 0
1681730846792 2.494324064254761 0
1681730846834 2.499145245552063 0
1681730846876 2.490734028816223 0
1681730846919 2.491903281211853 0
1681730846994 2.494908905029297 0
1681730847063 2.492798852920532 0
1681730847110 2.4897305011749267 0
1681730847156 2.499453043937683 0
1681730847204 2.4951802253723145 0
1681730847251 2.485547494888306 0
1681730847297 2.49273202419281 0
1681730847341 2.497746777534485 0
1681730847385 2.492874097824097 0
1681730847428 2.49418420791626 0
1681730847470 2.49363226890564 0
1681730847513 2.49025502204895 0
1681730847556 2.4876780986785887 0
1681730847598 2.4860005617141723 0
1681730847640 2.4858690977096556 0
1681730847682 2.495521807670593 0
1681730847725 2.492595911026001 0
1681730847766 2.4998817443847656 0
1681730847809 2.491001915931702 0
1681730847856 2.4913660049438477 0
1681730847905 2.4960681200027466 0
1681730847951 2.4920902490615844 0
1681730847997 2.4945788383483887 0
1681730848043 2.4892739772796633 0
1681730848091 2.4866281509399415 0
1681730848138 2.4841587066650392 0
1681730848186 2.492502284049988 0
1681730848235 2.480057430267334 0
1681730848281 2.487299156188965 0
1681730848324 2.4882439613342284 0
1681730848367 2.488410496711731 0
1681730848433 2.4882438659667967 0
1681730848480 2.486755847930908 0
1681730848527 2.486988639831543 0
1681730848571 2.4865777254104615 0
1681730848614 2.4831270933151246 0
1681730848657 2.4869726419448854 0
1681730848701 2.4841480255126953 0
1681730848744 2.488112759590149 0
1681730848787 2.4825226068496704 0
1681730848831 2.4904695987701415 0
1681730848874 2.488519024848938 0
1681730848918 2.4911172866821287 0
1681730848962 2.488963580131531 0
1681730849004 2.4966702222824098 0
1681730849047 2.497194838523865 0
1681730849091 2.488218641281128 0
1681730849134 2.491459035873413 0
1681730849178 2.4840131521224977 0
1681730849222 2.4996447563171387 0
1681730849267 2.4896438121795654 0
1681730849311 2.4906722784042357 0
1681730849354 2.4931580781936646 0
1681730849398 2.494664263725281 0
1681730849442 2.495755362510681 0
1681730849486 2.490261745452881 0
1681730849530 2.4912968397140505 0
1681730849573 2.479285407066345 0
1681730849615 2.489407014846802 0
1681730849658 2.489070725440979 0
1681730849701 2.4858383417129515 0
1681730849744 2.488905143737793 0
1681730849788 2.4875698328018188 0
1681730849830 2.4872960090637206 0
1681730849874 2.4902106523513794 0
1681730849918 2.5010209560394285 0
1681730849968 2.486699843406677 0
