1681905222157 4.378504657745362 0
1681905222490 4.247420883178711 0
1681905222742 4.079922342300415 0
1681905222953 3.8741005182266237 0
1681905223159 3.68504638671875 0
1681905223387 3.5547574043273924 0
1681905223603 3.4706374645233153 0
1681905223819 3.397282290458679 0
1681905224047 3.340894913673401 0
1681905224264 3.30329167842865 0
1681905224473 3.2655643224716187 0
1681905224685 3.2329813718795775 0
1681905224902 3.192724013328552 0
1681905225119 3.166592001914978 0
1681905225334 3.128610706329346 0
1681905225557 3.116403341293335 0
1681905225772 3.0872761964797975 0
1681905225987 3.068801832199097 0
1681905226204 3.0332746744155883 0
1681905226415 3.0147255659103394 0
1681905226648 3.0005367040634154 0
1681905226869 2.9848692417144775 0
1681905227089 2.9650715827941894 0
1681905227308 2.952747845649719 0
1681905227526 2.948774313926697 0
1681905227749 2.934296464920044 0
1681905227956 2.91694757938385 0
1681905228180 2.919796109199524 0
1681905228400 2.9063279390335084 0
1681905228621 2.8996577739715574 0
1681905228839 2.886558938026428 0
1681905229057 2.8772972345352175 0
1681905229270 2.8682047843933107 0
1681905229505 2.8643926858901976 0
1681905229727 2.858919548988342 0
1681905229953 2.8522100687026977 0
1681905230180 2.8544920682907104 0
1681905230405 2.850291895866394 0
1681905230629 2.8390626907348633 0
1681905230863 2.8296141147613527 0
1681905231081 2.8314800024032594 0
1681905231302 2.824344801902771 0
1681905231523 2.8235660076141356 0
1681905231752 2.817442035675049 0
1681905232040 2.823563551902771 0
1681905232311 2.8111461877822874 0
1681905232567 2.806278395652771 0
1681905232818 2.8112402677536013 0
1681905233040 2.802994966506958 0
1681905233252 2.796121382713318 0
1681905233472 2.804471230506897 0
1681905233687 2.7921170949935914 0
1681905233904 2.7862536907196045 0
1681905234122 2.7886747121810913 0
1681905234336 2.78856840133667 0
1681905234567 2.7828640222549437 0
1681905234787 2.7701898336410524 0
1681905235004 2.7702424049377443 0
1681905235225 2.7723904848098755 0
1681905235445 2.7680761098861693 0
1681905235663 2.774365448951721 0
1681905235878 2.7691532373428345 0
1681905236099 2.766829562187195 0
1681905236317 2.7608026266098022 0
1681905236535 2.762629532814026 0
1681905236750 2.763988661766052 0
1681905236964 2.742588973045349 0
1681905237183 2.7568294525146486 0
1681905237399 2.7630459785461428 0
1681905237617 2.747133493423462 0
1681905237848 2.751940393447876 0
1681905238076 2.741260528564453 0
1681905238303 2.7439963102340696 0
1681905238524 2.7399579286575317 0
1681905238736 2.7453866243362426 0
1681905238952 2.740389013290405 0
1681905239168 2.74542076587677 0
1681905239385 2.7354166507720947 0
1681905239604 2.7418576955795286 0
1681905239823 2.7309513092041016 0
1681905240114 2.728287148475647 0
1681905240457 2.7226197004318236 0
1681905240732 2.72533061504364 0
1681905240967 2.720533919334412 0
1681905241188 2.731656312942505 0
1681905241414 2.7147098541259767 0
1681905241633 2.7246475219726562 0
1681905241918 2.713245177268982 0
1681905242208 2.712518811225891 0
1681905242464 2.718764090538025 0
1681905242729 2.704368162155151 0
1681905242980 2.715411424636841 0
1681905243200 2.69630651473999 0
1681905243404 2.7059082984924316 0
1681905243620 2.6960933685302733 0
1681905243841 2.708340859413147 0
1681905244066 2.701126956939697 0
1681905244280 2.705730843544006 0
1681905244501 2.70613214969635 0
1681905244722 2.699958395957947 0
1681905244942 2.7034724235534666 0
1681905245166 2.696738076210022 0
1681905245389 2.692249631881714 0
1681905245609 2.6827900409698486 0
1681905245844 2.6887677669525147 0
1681905246066 2.6951627492904664 0
1681905246293 2.6889978408813477 0
1681905246512 2.6799399137496946 0
1681905246731 2.674009823799133 0
1681905246948 2.6757960081100465 0
1681905247168 2.6808952569961546 0
1681905247381 2.683888053894043 0
1681905247610 2.675039505958557 0
1681905247836 2.678353714942932 0
1681905248060 2.682411313056946 0
1681905248281 2.6752029418945313 0
1681905248494 2.6806071996688843 0
1681905248710 2.675142002105713 0
1681905248932 2.665079951286316 0
1681905249155 2.669262981414795 0
1681905249375 2.660288667678833 0
1681905249599 2.6666653633117674 0
1681905249832 2.66010000705719 0
1681905250079 2.6646459341049193 0
1681905250317 2.661542868614197 0
1681905250537 2.6655319213867186 0
1681905250743 2.6589031457901 0
1681905250959 2.6645678281784058 0
1681905251191 2.6623850107192992 0
1681905251414 2.661751079559326 0
1681905251635 2.6566118955612184 0
1681905251872 2.6500163078308105 0
1681905252154 2.6501578092575073 0
1681905252411 2.644992995262146 0
1681905252668 2.659527826309204 0
1681905252904 2.6488287925720213 0
1681905253124 2.6506339073181153 0
1681905253338 2.647670125961304 0
1681905253548 2.649638795852661 0
1681905253764 2.655411982536316 0
1681905253980 2.6592570304870606 0
1681905254239 2.6508666038513184 0
1681905254486 2.6521839618682863 0
1681905254719 2.6479078054428102 0
1681905254938 2.649684739112854 0
1681905255153 2.6410122871398927 0
1681905255371 2.6398900747299194 0
1681905255588 2.6435644388198853 0
1681905255804 2.6447191715240477 0
1681905256021 2.641730213165283 0
1681905256238 2.636600375175476 0
1681905256455 2.6412588119506837 0
1681905256671 2.64712233543396 0
1681905256907 2.641719126701355 0
1681905257134 2.636445498466492 0
1681905257357 2.630468010902405 0
1681905257578 2.6351749897003174 0
1681905257788 2.6353441715240478 0
1681905258021 2.6282203912734987 0
1681905258262 2.6302193641662597 0
1681905258489 2.6380759954452513 0
1681905258754 2.6281974792480467 0
1681905258988 2.629373288154602 0
1681905259209 2.624075102806091 0
1681905259412 2.623267340660095 0
1681905259629 2.6196889162063597 0
1681905259854 2.6348915815353395 0
1681905260073 2.631178379058838 0
1681905260289 2.627155876159668 0
1681905260505 2.622604990005493 0
1681905260732 2.619199752807617 0
1681905260947 2.618967866897583 0
1681905261167 2.616410803794861 0
1681905261385 2.627254843711853 0
1681905261599 2.618968939781189 0
1681905261831 2.6172348737716673 0
1681905262105 2.6205180883407593 0
1681905262378 2.6147186517715455 0
1681905262635 2.607001256942749 0
1681905262880 2.6255016565322875 0
1681905263102 2.6179199695587156 0
1681905263313 2.6216802835464477 0
1681905263525 2.6156458854675293 0
1681905263742 2.6212902307510375 0
1681905263960 2.61157169342041 0
1681905264185 2.6071282386779786 0
1681905264402 2.6193283081054686 0
1681905264621 2.609804463386536 0
1681905264839 2.611844277381897 0
1681905265063 2.6149309635162354 0
1681905265283 2.608619713783264 0
1681905265504 2.620997357368469 0
1681905265728 2.6146400928497315 0
1681905265944 2.610200357437134 0
1681905266165 2.6058697938919066 0
1681905266384 2.6071322202682494 0
1681905266599 2.608725833892822 0
1681905266823 2.6056817770004272 0
1681905267041 2.6059422731399535 0
1681905267254 2.6061312913894654 0
1681905267485 2.6091310501098635 0
1681905267707 2.603895568847656 0
1681905267928 2.604001212120056 0
1681905268150 2.599558687210083 0
1681905268372 2.611896300315857 0
1681905268586 2.6067203521728515 0
1681905268800 2.601338291168213 0
1681905269013 2.5994707107543946 0
1681905269233 2.6090638875961303 0
1681905269446 2.609901857376099 0
1681905269664 2.6068284273147584 0
1681905269893 2.5941105842590333 0
1681905270135 2.6036667823791504 0
1681905270419 2.6076666831970217 0
1681905270660 2.6053885221481323 0
1681905270877 2.60263569355011 0
1681905271082 2.5996450901031496 0
1681905271304 2.6036128282546995 0
1681905271520 2.602166771888733 0
1681905271746 2.6045590162277223 0
1681905272010 2.5956802129745484 0
1681905272288 2.601213002204895 0
1681905272550 2.600804162025452 0
1681905272827 2.605365180969238 0
1681905273059 2.591671347618103 0
1681905273283 2.603189301490784 0
1681905273505 2.59118971824646 0
1681905273734 2.5938083648681642 0
1681905273955 2.5938986778259276 0
1681905274185 2.5942361116409303 0
1681905274405 2.590257430076599 0
1681905274619 2.593624401092529 0
1681905274840 2.5991877794265745 0
1681905275059 2.591549110412598 0
1681905275278 2.5956663846969605 0
1681905275495 2.5862732410430906 0
1681905275719 2.5950070142745973 0
1681905275938 2.5906365633010866 0
1681905276155 2.5926443576812743 0
1681905276372 2.5911030054092405 0
1681905276596 2.577077293395996 0
1681905276823 2.5896731853485107 0
1681905277041 2.5890318870544435 0
1681905277257 2.5946100473403932 0
1681905277479 2.5908796548843385 0
1681905277699 2.5870667934417724 0
1681905277914 2.581550621986389 0
1681905278140 2.5853654623031614 0
1681905278360 2.5964723587036134 0
1681905278580 2.5878775835037233 0
1681905278809 2.589060091972351 0
1681905279032 2.5887232303619383 0
1681905279270 2.5872228860855104 0
1681905279488 2.589380216598511 0
1681905279704 2.591916489601135 0
1681905279920 2.589575242996216 0
1681905280149 2.5822495460510253 0
1681905280372 2.5844491720199585 0
1681905280590 2.5889901399612425 0
1681905280811 2.590494656562805 0
1681905281029 2.577841329574585 0
1681905281255 2.586851453781128 0
1681905281478 2.5862021446228027 0
1681905281701 2.5916086196899415 0
1681905281960 2.5776275396347046 0
1681905282247 2.5914952993392943 0
1681905282529 2.5796443223953247 0
1681905282795 2.5748470067977904 0
1681905283037 2.5804325580596923 0
1681905283261 2.5869622945785524 0
1681905283487 2.5896488666534423 0
1681905283699 2.5869361400604247 0
1681905283920 2.5743924617767333 0
1681905284143 2.5838233709335325 0
1681905284363 2.586047339439392 0
1681905284578 2.5844759702682496 0
1681905284801 2.588913369178772 0
1681905285033 2.585431218147278 0
1681905285256 2.5878155708312987 0
1681905285477 2.5866013765335083 0
1681905285705 2.5728665828704833 0
1681905285939 2.586284065246582 0
1681905286170 2.574241614341736 0
1681905286407 2.582117509841919 0
1681905286629 2.575086498260498 0
1681905286846 2.583908295631409 0
1681905287058 2.5835284948349 0
1681905287292 2.585386943817139 0
1681905287526 2.5798076391220093 0
1681905287756 2.59125497341156 0
1681905287978 2.582909893989563 0
1681905288193 2.577997326850891 0
1681905288412 2.5824567794799806 0
1681905288629 2.579043984413147 0
1681905288851 2.5801285028457643 0
1681905289069 2.5704185009002685 0
1681905289288 2.5770007133483888 0
1681905289571 2.5742613077163696 0
1681905289847 2.5752670526504517 0
1681905290070 2.5778173446655273 0
1681905290282 2.575588059425354 0
1681905290517 2.576690602302551 0
1681905290769 2.5782676219940184 0
1681905291027 2.582942533493042 0
1681905291448 2.5761157512664794 0
1681905291738 2.57806396484375 0
1681905292214 2.590095043182373 0
1681905292553 2.575020170211792 0
1681905292865 2.571820330619812 0
1681905293197 2.5775978326797486 0
1681905293523 2.580117917060852 0
1681905293797 2.5820373058319093 0
1681905294051 2.5734731674194338 0
1681905294308 2.578298497200012 0
1681905294556 2.564929389953613 0
1681905294819 2.571563982963562 0
1681905295063 2.575993609428406 0
1681905295308 2.58047878742218 0
1681905295549 2.5729218482971192 0
1681905295838 2.5689202547073364 0
1681905296076 2.5765705347061156 0
1681905296317 2.5781238079071045 0
1681905296543 2.573707604408264 0
1681905296778 2.5710613489151 0
1681905297015 2.5716003656387327 0
1681905297253 2.5765376567840574 0
1681905297498 2.5719995498657227 0
1681905297743 2.575037217140198 0
1681905297981 2.5780014991760254 0
1681905298210 2.5810282468795775 0
1681905298444 2.568892312049866 0
1681905298683 2.5705778121948244 0
1681905298910 2.5698770761489866 0
1681905299138 2.568459391593933 0
1681905299365 2.572974109649658 0
1681905299605 2.5641365528106688 0
1681905299844 2.573744797706604 0
1681905300164 2.5669655799865723 0
1681905300523 2.5654855489730837 0
1681905300836 2.569154381752014 0
1681905301119 2.5679702043533323 0
1681905301377 2.5761043310165403 0
1681905301615 2.573816728591919 0
1681905301844 2.568900942802429 0
1681905302112 2.5660088539123533 0
1681905302374 2.558545160293579 0
1681905302640 2.5692843437194823 0
1681905302895 2.5705931425094604 0
1681905303124 2.5676281690597533 0
1681905303344 2.5746570348739626 0
1681905303563 2.573107123374939 0
1681905303787 2.5739822149276734 0
1681905304010 2.562256860733032 0
1681905304232 2.5711369276046754 0
1681905304444 2.565473794937134 0
1681905304666 2.5675366640090944 0
1681905304884 2.5670225620269775 0
1681905305108 2.566382813453674 0
1681905305330 2.563393759727478 0
1681905305551 2.5628747224807737 0
1681905305772 2.572683811187744 0
1681905305983 2.562575268745422 0
1681905306213 2.5694300174713134 0
1681905306432 2.560736799240112 0
1681905306648 2.5680338621139525 0
1681905306867 2.56634259223938 0
1681905307082 2.5666176319122314 0
1681905307302 2.559057021141052 0
1681905307515 2.5695458173751833 0
1681905307733 2.5697690725326536 0
1681905307947 2.5761280059814453 0
1681905308167 2.564124608039856 0
1681905308383 2.5576723337173464 0
1681905308608 2.566102075576782 0
1681905308831 2.571764922142029 0
1681905309051 2.5658447265625 0
1681905309269 2.561254096031189 0
1681905309481 2.562156629562378 0
1681905309702 2.563440775871277 0
1681905309918 2.5595879793167113 0
1681905310143 2.576798987388611 0
1681905310365 2.5655749082565307 0
1681905310583 2.5607882738113403 0
1681905310799 2.5638239860534666 0
1681905311018 2.5640207290649415 0
1681905311243 2.5630664825439453 0
1681905311471 2.565754508972168 0
1681905311691 2.5597387313842774 0
1681905311930 2.5549816131591796 0
1681905312205 2.5622447967529296 0
1681905312472 2.568163585662842 0
1681905312734 2.5599228858947756 0
1681905312984 2.561779022216797 0
1681905313207 2.5633500099182127 0
1681905313408 2.5537816762924193 0
1681905313636 2.5606794118881226 0
1681905313877 2.564564251899719 0
1681905314123 2.570819282531738 0
1681905314368 2.556213879585266 0
1681905314595 2.557070016860962 0
1681905314812 2.5741106033325196 0
1681905315033 2.564264512062073 0
1681905315276 2.5535310029983522 0
1681905315501 2.559320855140686 0
1681905315729 2.5661010265350344 0
1681905315957 2.5533960580825807 0
1681905316183 2.562543821334839 0
1681905316401 2.55632004737854 0
1681905316623 2.547229599952698 0
1681905316840 2.55300133228302 0
1681905317067 2.5567722082138062 0
1681905317286 2.562682795524597 0
1681905317507 2.563453125953674 0
1681905317738 2.5603589057922362 0
1681905317958 2.5610234260559084 0
1681905318177 2.5609349966049195 0
1681905318397 2.5532673835754394 0
1681905318615 2.560231018066406 0
1681905318842 2.557784152030945 0
1681905319067 2.5647701978683473 0
1681905319285 2.5617769718170167 0
1681905319504 2.561552858352661 0
1681905319726 2.556694746017456 0
1681905319947 2.5532788038253784 0
1681905320170 2.5559998035430906 0
1681905320390 2.555841636657715 0
1681905320608 2.5642969846725463 0
1681905320828 2.559527277946472 0
1681905321047 2.5540239572525025 0
1681905321271 2.546611285209656 0
1681905321499 2.5651902198791503 0
1681905321717 2.5575782537460325 0
1681905321957 2.5620199918746946 0
1681905322242 2.559713888168335 0
1681905322509 2.5577528953552244 0
1681905322770 2.5600435972213744 0
1681905323010 2.5584768295288085 0
1681905323232 2.559056353569031 0
1681905323442 2.545183610916138 0
1681905323658 2.562638592720032 0
1681905323893 2.5604228258132933 0
1681905324121 2.5538696527481077 0
1681905324353 2.5551042795181274 0
1681905324583 2.551555800437927 0
1681905324807 2.562049412727356 0
1681905325032 2.5592215299606322 0
1681905325255 2.5582633018493652 0
1681905325473 2.5517746925354006 0
1681905325697 2.5570528507232666 0
1681905325915 2.5582279205322265 0
1681905326151 2.5588531255722047 0
1681905326370 2.5532376289367678 0
1681905326587 2.5563787698745726 0
1681905326806 2.556699776649475 0
1681905327025 2.551038217544556 0
1681905327244 2.5478187084197996 0
1681905327465 2.549447011947632 0
1681905327683 2.5516456842422484 0
1681905327907 2.5526507616043093 0
1681905328133 2.550109601020813 0
1681905328351 2.550951838493347 0
1681905328572 2.564624071121216 0
1681905328788 2.554422307014465 0
1681905329017 2.55464346408844 0
1681905329242 2.5460989713668822 0
1681905329460 2.566282796859741 0
1681905329679 2.572992539405823 0
1681905329905 2.5584475994110107 0
1681905330147 2.5648568630218507 0
1681905330426 2.562864804267883 0
1681905330673 2.5412773370742796 0
1681905330888 2.5574418544769286 0
1681905331097 2.5541348457336426 0
1681905331319 2.5545896530151366 0
1681905331545 2.5439867258071898 0
1681905331763 2.5564305067062376 0
1681905332017 2.546301507949829 0
1681905332324 2.544253969192505 0
1681905332585 2.554641103744507 0
1681905332850 2.5540094137191773 0
1681905333087 2.5525309085845946 0
1681905333309 2.552009606361389 0
1681905333517 2.55475537776947 0
1681905333748 2.558855175971985 0
1681905334007 2.5511624097824095 0
1681905334295 2.558187699317932 0
1681905334623 2.5505359888076784 0
1681905334916 2.548335647583008 0
1681905335153 2.5403149843215944 0
1681905335379 2.5594198226928713 0
1681905335608 2.568830418586731 0
1681905335863 2.5445360422134398 0
1681905336219 2.5462390661239622 0
1681905336463 2.5587316513061524 0
1681905336676 2.5570810079574584 0
1681905336882 2.5442877054214477 0
1681905337112 2.5448617696762086 0
1681905337345 2.555441474914551 0
1681905337570 2.5579041957855226 0
1681905337795 2.5632302284240724 0
1681905338014 2.5477121591567995 0
1681905338238 2.5566895723342897 0
1681905338474 2.550696086883545 0
1681905338845 2.56543173789978 0
1681905339126 2.552539014816284 0
1681905339354 2.5537332773208616 0
1681905339578 2.545782232284546 0
1681905339823 2.5448517084121702 0
1681905340045 2.551810145378113 0
1681905340269 2.540365767478943 0
1681905340491 2.5413012981414793 0
1681905340708 2.5481913566589354 0
1681905340926 2.554019260406494 0
1681905341166 2.553271770477295 0
1681905341392 2.554036045074463 0
1681905341621 2.556446576118469 0
1681905341850 2.54687659740448 0
1681905342100 2.5537193775177003 0
1681905342386 2.545902943611145 0
1681905342650 2.542548155784607 0
1681905342909 2.550607180595398 0
1681905343138 2.5574485301971435 0
1681905343348 2.5459423065185547 0
1681905343570 2.5567760944366453 0
1681905343794 2.544527196884155 0
1681905344010 2.5493237257003782 0
1681905344239 2.5566007137298583 0
1681905344462 2.553082323074341 0
1681905344680 2.5488224267959594 0
1681905344903 2.5502295017242433 0
1681905345130 2.5529548645019533 0
1681905345363 2.5593334674835204 0
1681905345588 2.5548015356063845 0
1681905345808 2.5505853652954102 0
1681905346028 2.54564106464386 0
1681905346251 2.5463400363922117 0
1681905346475 2.546541428565979 0
1681905346706 2.55248486995697 0
1681905346926 2.5472954511642456 0
1681905347149 2.5566734075546265 0
1681905347372 2.553811264038086 0
1681905347587 2.556807804107666 0
1681905347800 2.5591673851013184 0
1681905348016 2.549218487739563 0
1681905348235 2.5464163064956664 0
1681905348453 2.5490588665008547 0
1681905348672 2.5523685216903687 0
1681905348887 2.5540206909179686 0
1681905349112 2.550465297698975 0
1681905349336 2.539691352844238 0
1681905349559 2.547469902038574 0
1681905349788 2.551015329360962 0
1681905350008 2.5537452697753906 0
1681905350230 2.553431844711304 0
1681905350446 2.5441891670227053 0
1681905350667 2.538501501083374 0
1681905350886 2.5498741388320925 0
1681905351105 2.5478681087493897 0
1681905351325 2.5480071306228638 0
1681905351546 2.545427131652832 0
1681905351765 2.5389264822006226 0
1681905352000 2.538984537124634 0
1681905352296 2.5462544202804565 0
1681905352567 2.538373923301697 0
1681905352829 2.5426928997039795 0
1681905353069 2.5398996829986573 0
1681905353301 2.5401330947875977 0
1681905353515 2.5414931058883665 0
1681905353732 2.549433946609497 0
1681905353959 2.543478274345398 0
1681905354179 2.5530339002609255 0
1681905354403 2.551605701446533 0
1681905354625 2.5436988353729246 0
1681905354844 2.541555666923523 0
1681905355066 2.5483858823776244 0
1681905355288 2.535774254798889 0
1681905355515 2.544830870628357 0
1681905355732 2.5385363817214968 0
1681905355972 2.538027215003967 0
1681905356196 2.5320544481277465 0
1681905356415 2.540532183647156 0
1681905356636 2.542075514793396 0
1681905356863 2.541892910003662 0
1681905357086 2.530533480644226 0
1681905357304 2.53630530834198 0
1681905357524 2.5432984113693236 0
1681905357742 2.5386144161224364 0
1681905357964 2.533287596702576 0
1681905358186 2.543897771835327 0
1681905358401 2.536504602432251 0
1681905358619 2.5451313972473146 0
1681905358842 2.5379738569259644 0
1681905359059 2.5439188957214354 0
1681905359282 2.543962001800537 0
1681905359506 2.532250666618347 0
1681905359727 2.543943405151367 0
1681905359962 2.5471555471420286 0
1681905360266 2.5287890911102293 0
1681905360587 2.5389928340911867 0
1681905360841 2.5405893564224242 0
1681905361069 2.532712292671204 0
1681905361279 2.5308127880096434 0
1681905361513 2.540579056739807 0
1681905361745 2.531807613372803 0
1681905362011 2.539569878578186 0
1681905362304 2.5375471830368044 0
1681905362560 2.5343345165252686 0
1681905362820 2.53919677734375 0
1681905363070 2.534048867225647 0
1681905363295 2.5385804891586305 0
1681905363510 2.5421716213226317 0
1681905363728 2.534250020980835 0
1681905363948 2.5302067041397094 0
1681905364171 2.541095519065857 0
1681905364395 2.5389580965042113 0
1681905364621 2.5404868602752684 0
1681905364843 2.5293085098266603 0
1681905365069 2.529032278060913 0
1681905365290 2.5414117336273194 0
1681905365507 2.5313613653182983 0
1681905365738 2.533763551712036 0
1681905365959 2.5367576599121096 0
1681905366177 2.5359724044799803 0
1681905366401 2.5316715240478516 0
1681905366619 2.5315571069717406 0
1681905366868 2.5341272354125977 0
1681905367141 2.5341778993606567 0
1681905367463 2.529810094833374 0
1681905367770 2.5405840396881105 0
1681905368052 2.541715478897095 0
1681905368342 2.539945387840271 0
1681905368636 2.5402723789215087 0
1681905368905 2.5279345512390137 0
1681905369178 2.533002996444702 0
1681905369464 2.5282997846603394 0
1681905369747 2.5399877786636353 0
1681905370017 2.540659475326538 0
1681905370308 2.5282355070114138 0
1681905370584 2.5284931898117065 0
1681905370867 2.5305510997772216 0
1681905371138 2.538998174667358 0
1681905371388 2.529506516456604 0
1681905371609 2.5314085721969604 0
1681905371836 2.5339677333831787 0
1681905372077 2.532700753211975 0
1681905372358 2.5276999473571777 0
1681905372620 2.5304834127426146 0
1681905372885 2.524308204650879 0
1681905373111 2.5275464057922363 0
1681905373327 2.52613787651062 0
1681905373535 2.526928019523621 0
1681905373750 2.5334283828735353 0
1681905373971 2.5277214288711547 0
1681905374194 2.5278322458267213 0
1681905374412 2.534846639633179 0
1681905374634 2.5258820056915283 0
1681905374864 2.534764289855957 0
1681905375087 2.5423291444778444 0
1681905375309 2.5269835233688354 0
1681905375526 2.52146258354187 0
1681905375742 2.5383580684661866 0
1681905375970 2.524350142478943 0
1681905376194 2.5194565296173095 0
1681905376420 2.5339521408081054 0
1681905376642 2.533522391319275 0
1681905376863 2.5311385869979857 0
1681905377080 2.5290167570114135 0
1681905377291 2.5345550537109376 0
1681905377508 2.527643156051636 0
1681905377733 2.5276437520980837 0
1681905377950 2.523459219932556 0
1681905378168 2.52717068195343 0
1681905378385 2.5187634229660034 0
1681905378602 2.527242732048035 0
1681905378822 2.5342671155929564 0
1681905379036 2.5304651975631716 0
1681905379257 2.518126058578491 0
1681905379476 2.524801754951477 0
1681905379698 2.5223704099655153 0
1681905379920 2.5171705722808837 0
1681905380142 2.5270390033721926 0
1681905380360 2.5239866733551026 0
1681905380578 2.522999811172485 0
1681905380795 2.5206133127212524 0
1681905381011 2.5178647518157957 0
1681905381229 2.5186627388000487 0
1681905381447 2.5149778366088866 0
1681905381671 2.5261699199676513 0
1681905381900 2.520795798301697 0
1681905382186 2.520512914657593 0
1681905382452 2.5290456295013426 0
1681905382710 2.5289168119430543 0
1681905382969 2.529131817817688 0
1681905383196 2.5122193574905394 0
1681905383408 2.514257025718689 0
1681905383619 2.5190039396286013 0
1681905383835 2.5207443475723266 0
1681905384053 2.523651885986328 0
1681905384273 2.523191046714783 0
1681905384494 2.523524832725525 0
1681905384716 2.5192047595977782 0
1681905385056 2.521762752532959 0
1681905385338 2.516760969161987 0
1681905385560 2.51519455909729 0
1681905385764 2.5093302011489866 0
1681905385989 2.5289530992507934 0
1681905386213 2.524024772644043 0
1681905386434 2.520836353302002 0
1681905386656 2.518586754798889 0
1681905386871 2.5154302597045897 0
1681905387086 2.533328986167908 0
1681905387304 2.5232807397842407 0
1681905387521 2.517563557624817 0
1681905387739 2.522594118118286 0
1681905387962 2.5226839542388917 0
1681905388186 2.5177324771881104 0
1681905388408 2.5160602569580077 0
1681905388627 2.5211660385131838 0
1681905388852 2.5272170066833497 0
1681905389074 2.512364459037781 0
1681905389293 2.52270987033844 0
1681905389509 2.527060294151306 0
1681905389735 2.526414632797241 0
1681905389961 2.5186730861663817 0
1681905390214 2.5201690196990967 0
1681905390484 2.5072344303131104 0
1681905390708 2.517668581008911 0
1681905390918 2.521197724342346 0
1681905391130 2.5151246547698975 0
1681905391354 2.510938048362732 0
1681905391575 2.514748549461365 0
1681905391796 2.5140613079071046 0
1681905392035 2.5148337841033936 0
1681905392314 2.5186458110809324 0
1681905392577 2.5190558671951293 0
1681905392840 2.5191513299942017 0
1681905393086 2.5097858190536497 0
1681905393310 2.5037158966064452 0
1681905393517 2.5126113176345823 0
1681905393734 2.514716053009033 0
1681905393950 2.5182902336120607 0
1681905394171 2.5238609790802 0
1681905394389 2.5218987703323363 0
1681905394631 2.516634225845337 0
1681905394875 2.510753107070923 0
1681905395104 2.5127149343490602 0
1681905395325 2.5100307941436766 0
1681905395549 2.5204316854476927 0
1681905395760 2.5203619480133055 0
1681905395975 2.5121914863586428 0
1681905396193 2.5145756006240845 0
1681905396415 2.510972785949707 0
1681905396632 2.519344615936279 0
1681905396848 2.520449090003967 0
1681905397074 2.506810927391052 0
1681905397291 2.514309883117676 0
1681905397508 2.5128761768341064 0
1681905397737 2.5180142164230346 0
1681905397957 2.513364553451538 0
1681905398176 2.508246827125549 0
1681905398392 2.5103001594543457 0
1681905398611 2.5173760652542114 0
1681905398826 2.519262504577637 0
1681905399050 2.5176705837249758 0
1681905399271 2.520536923408508 0
1681905399495 2.5128501892089843 0
1681905399715 2.5163846731185915 0
1681905399934 2.505556917190552 0
1681905400157 2.5141831398010255 0
1681905400379 2.508051133155823 0
1681905400606 2.498193454742432 0
1681905400826 2.502719497680664 0
1681905401048 2.506733512878418 0
1681905401276 2.5132301092147826 0
1681905401496 2.513464903831482 0
1681905401725 2.510465407371521 0
1681905401955 2.5083808660507203 0
1681905402352 2.5148763418197633 0
1681905402671 2.503297209739685 0
1681905402930 2.5033612489700316 0
1681905403190 2.5173779487609864 0
1681905403418 2.5017165422439573 0
1681905403640 2.5011317253112795 0
1681905403848 2.5127615928649902 0
1681905404064 2.510440492630005 0
1681905404292 2.5128828048706056 0
1681905404518 2.505293869972229 0
1681905404746 2.5066885948181152 0
1681905404978 2.5161171197891234 0
1681905405199 2.50798180103302 0
1681905405485 2.507378840446472 0
1681905405772 2.5094903707504272 0
1681905405994 2.5140229225158692 0
1681905406200 2.4998735666275023 0
1681905406443 2.5067538261413573 0
1681905406702 2.500303292274475 0
1681905406932 2.505445456504822 0
1681905407150 2.508313226699829 0
1681905407364 2.5145889282226563 0
1681905407586 2.507777237892151 0
1681905407802 2.4998906373977663 0
1681905408019 2.5087807178497314 0
1681905408236 2.4938669919967653 0
1681905408456 2.507360410690308 0
1681905408675 2.5086561679840087 0
1681905408902 2.506600260734558 0
1681905409123 2.5006291389465334 0
1681905409349 2.5136154174804686 0
1681905409575 2.5133715152740477 0
1681905409801 2.5014711380004884 0
1681905410024 2.509970498085022 0
1681905410245 2.4990031719207764 0
1681905410471 2.506710481643677 0
1681905410730 2.5015928983688354 0
1681905411134 2.512488341331482 0
1681905411432 2.5035117864608765 0
1681905411638 2.5087997674942017 0
1681905411862 2.506317162513733 0
1681905412454 2.507376480102539 0
1681905412998 2.511951541900635 0
1681905413390 2.514034461975098 0
1681905413692 2.5173474550247192 0
1681905413991 2.517312526702881 0
1681905414358 2.5141605854034426 0
1681905414784 2.502427864074707 0
1681905415219 2.5275861501693724 0
1681905415661 2.505902361869812 0
1681905416095 2.510381293296814 0
1681905416364 2.5138432264328 0
1681905416592 2.515409064292908 0
1681905416800 2.5007958889007567 0
1681905417010 2.5050116777420044 0
1681905417228 2.5082414150238037 0
1681905417449 2.5009698629379273 0
1681905417670 2.499361252784729 0
1681905417890 2.506123399734497 0
1681905418105 2.5137784242630006 0
1681905418324 2.5070274114608764 0
1681905418545 2.5041315078735353 0
1681905418759 2.5059355974197386 0
1681905418973 2.5108367681503294 0
1681905419189 2.501750922203064 0
1681905419412 2.498256301879883 0
1681905419627 2.499767231941223 0
1681905419852 2.5056721925735475 0
1681905420160 2.5089823246002196 0
1681905420475 2.5010610818862915 0
1681905420748 2.510228967666626 0
1681905421019 2.5119035482406615 0
1681905421287 2.501330041885376 0
1681905421792 2.5071223974227905 0
1681905422288 2.502935791015625 0
1681905422667 2.5059871673583984 0
1681905422997 2.50116651058197 0
1681905423320 2.5028829097747805 0
1681905423614 2.4989725828170775 0
1681905423857 2.5069153785705565 0
1681905424079 2.503547430038452 0
1681905424296 2.5010221719741823 0
1681905424517 2.505740022659302 0
1681905424741 2.5069735765457155 0
1681905424965 2.4985158681869506 0
1681905425198 2.501280403137207 0
1681905425418 2.5048301935195925 0
1681905425642 2.499381160736084 0
1681905425892 2.5018694162368775 0
1681905426156 2.5077055931091308 0
1681905426393 2.51108775138855 0
1681905426641 2.5000325202941895 0
1681905426946 2.494417428970337 0
1681905427196 2.5033703088760375 0
1681905427427 2.49942569732666 0
1681905427649 2.4996562004089355 0
1681905427873 2.501742887496948 0
1681905428082 2.502995324134827 0
1681905428298 2.4932804822921755 0
1681905428516 2.5056475162506104 0
1681905428745 2.502103018760681 0
1681905428959 2.487696075439453 0
1681905429182 2.506813097000122 0
1681905429411 2.50755033493042 0
1681905429638 2.4970600843429565 0
1681905429869 2.498536992073059 0
1681905430095 2.5047619342803955 0
1681905430315 2.5031792402267454 0
1681905430522 2.4988534688949584 0
1681905430739 2.489274024963379 0
1681905430958 2.5044780015945434 0
1681905431184 2.505417227745056 0
1681905431428 2.5061887979507445 0
1681905431771 2.500242328643799 0
1681905432094 2.5055787324905396 0
1681905432425 2.5007147550582887 0
1681905432750 2.498193454742432 0
1681905433064 2.5018242835998534 0
1681905433384 2.5067687749862673 0
1681905433695 2.4924232959747314 0
1681905433968 2.49967360496521 0
1681905434247 2.4972222566604616 0
1681905434522 2.5028138160705566 0
1681905434795 2.485781192779541 0
1681905435078 2.4982693910598757 0
1681905435353 2.4941367387771605 0
1681905435634 2.4923706531524656 0
1681905435886 2.5078001022338867 0
1681905436111 2.496023654937744 0
1681905436340 2.4981642961502075 0
1681905436567 2.5043559312820434 0
1681905436777 2.4964458465576174 0
1681905436993 2.5144808530807494 0
1681905437237 2.492052960395813 0
1681905437645 2.4989511966705322 0
1681905438055 2.495985770225525 0
1681905438397 2.499003839492798 0
1681905438743 2.505546283721924 0
1681905438985 2.5020264863967894 0
1681905439215 2.5035382986068724 0
1681905439447 2.5062769412994386 0
1681905439692 2.497050929069519 0
1681905439928 2.5011186838150024 0
1681905440263 2.5002241373062133 0
1681905440595 2.505624032020569 0
1681905440832 2.507696104049683 0
1681905441062 2.496885657310486 0
1681905441317 2.5002413988113403 0
1681905441573 2.4913247346878054 0
1681905441903 2.49230420589447 0
1681905442297 2.4971875667572023 0
1681905442730 2.501855182647705 0
1681905443008 2.505396270751953 0
1681905443258 2.487747812271118 0
1681905443501 2.4951948165893554 0
1681905443757 2.5002677202224732 0
1681905444016 2.4955851554870607 0
1681905444272 2.508097529411316 0
1681905444495 2.516469717025757 0
1681905444711 2.49806694984436 0
1681905444948 2.505724239349365 0
1681905445324 2.5084041357040405 0
1681905445586 2.5021493911743162 0
1681905445804 2.5004055738449096 0
1681905446006 2.4936997175216673 0
1681905446233 2.5076138973236084 0
1681905446489 2.4915809869766234 0
1681905446754 2.4934728384017943 0
1681905446991 2.497941493988037 0
1681905447230 2.502568221092224 0
1681905447503 2.4946839094161986 0
1681905447795 2.4931105613708495 0
1681905448039 2.4990182638168337 0
1681905448266 2.497368311882019 0
1681905448490 2.488965082168579 0
1681905448719 2.49983434677124 0
1681905448937 2.4953219652175904 0
1681905449165 2.496970534324646 0
1681905449388 2.4972241878509522 0
1681905449609 2.504505920410156 0
1681905449838 2.504381012916565 0
1681905450107 2.499662733078003 0
1681905450416 2.4967024087905885 0
1681905450665 2.496717166900635 0
1681905450884 2.4963199615478517 0
1681905451096 2.4990293979644775 0
1681905451311 2.4964388370513917 0
1681905451528 2.495286536216736 0
1681905451749 2.488452911376953 0
1681905451972 2.5006546497344972 0
1681905452234 2.4971728563308715 0
1681905452493 2.491217756271362 0
1681905452795 2.485809564590454 0
1681905453284 2.485950756072998 0
1681905453558 2.4948495864868163 0
1681905453804 2.4976601123809816 0
1681905454046 2.4981449604034425 0
1681905454294 2.5003740310668947 0
1681905454539 2.502433180809021 0
1681905454769 2.496077799797058 0
1681905455003 2.4972259521484377 0
1681905455260 2.493916702270508 0
1681905455532 2.4975237369537355 0
1681905455803 2.4816354751586913 0
1681905456039 2.4860910415649413 0
1681905456265 2.4993701219558715 0
1681905456481 2.494796943664551 0
1681905456702 2.4952009677886964 0
1681905456918 2.4918716669082643 0
1681905457138 2.4958943843841555 0
1681905457377 2.4825484275817873 0
1681905457590 2.495633053779602 0
1681905457807 2.4914183139801027 0
1681905458030 2.4914013147354126 0
1681905458248 2.497301459312439 0
1681905458471 2.487302875518799 0
1681905458692 2.4911876916885376 0
1681905458907 2.4949203014373778 0
1681905459122 2.4988608598709106 0
1681905459341 2.4954415798187255 0
1681905459549 2.5034296035766603 0
1681905459769 2.48208224773407 0
1681905459997 2.478956437110901 0
