1682064342850 3.6929418730735777 0
1682064348878 2.9812021350860594 0
1682064354764 2.802588405609131 0
1682064360510 2.7375908422470094 0
1682064366493 2.699349431991577 0
1682064372782 2.672563111782074 0
1682064378809 2.6518137073516845 0
1682064385384 2.6380900311470032 0
1682064391693 2.624600410461426 0
1682064397699 2.61181236743927 0
1682064403731 2.5993642020225525 0
1682064409673 2.592031056880951 0
1682064415777 2.5785619378089906 0
1682064421646 2.575742185115814 0
1682064427644 2.5651170372962953 0
1682064433869 2.5530288577079774 0
1682064439732 2.545706822872162 0
1682064445800 2.5359800386428835 0
1682064451422 2.5293010115623473 0
1682064457402 2.522948508262634 0
1682064463790 2.510927097797394 0
1682064469504 2.5050270891189577 0
1682064475439 2.4935477900505068 0
1682064481108 2.4847173261642457 0
1682064487102 2.4732692289352416 0
1682064492909 2.459257655143738 0
1682064498662 2.451056442260742 0
1682064504648 2.442475061416626 0
1682064510276 2.438288223743439 0
1682064516667 2.4284027338027956 0
1682064523829 2.420184178352356 0
