1681903219851 4.624946212768554 0
1681903219911 4.487655067443848 0
1681903219970 4.365728235244751 0
1681903220026 4.252258443832398 0
1681903220085 4.150592994689942 0
1681903220143 4.051642370223999 0
1681903220201 3.9596858263015746 0
1681903220259 3.863760828971863 0
1681903220317 3.7801141023635862 0
1681903220375 3.706554412841797 0
1681903220432 3.6309407711029054 0
1681903220489 3.55919291973114 0
1681903220547 3.4950043201446532 0
1681903220605 3.436851477622986 0
1681903220662 3.3828598260879517 0
1681903220718 3.338595676422119 0
1681903220776 3.2851709604263304 0
1681903220835 3.2395161151885987 0
1681903220892 3.197457122802734 0
1681903220952 3.1649964332580565 0
1681903221010 3.1260266304016113 0
1681903221068 3.0987124919891356 0
1681903221125 3.0609329462051393 0
1681903221182 3.0328633785247803 0
1681903221239 3.0101447343826293 0
1681903221298 2.9911625623703 0
1681903221355 2.9656508445739744 0
1681903221413 2.949030303955078 0
1681903221471 2.925775408744812 0
1681903221528 2.9024928331375124 0
1681903221583 2.8907485723495485 0
1681903221640 2.8817383289337157 0
1681903221698 2.863956165313721 0
1681903221756 2.845306086540222 0
1681903221815 2.835501718521118 0
1681903221873 2.8198456287384035 0
1681903221931 2.8127257347106935 0
1681903221988 2.7948482990264893 0
1681903222048 2.779956889152527 0
1681903222107 2.77437105178833 0
1681903222168 2.7703885555267336 0
1681903222226 2.760165238380432 0
1681903222284 2.747702884674072 0
1681903222342 2.7384454011917114 0
1681903222401 2.7312084674835204 0
1681903222458 2.745264410972595 0
1681903222514 2.7202742099761963 0
1681903222575 2.7129101514816285 0
1681903222632 2.705897641181946 0
1681903222689 2.7030033588409426 0
1681903222748 2.6946126222610474 0
1681903222807 2.691443753242493 0
1681903222865 2.6818225145339967 0
1681903222922 2.676824116706848 0
1681903222980 2.6670822620391847 0
1681903223038 2.6677106380462647 0
1681903223094 2.66947922706604 0
1681903223155 2.659748840332031 0
1681903223212 2.666784644126892 0
1681903223272 2.6533707857131956 0
1681903223329 2.649763011932373 0
1681903223387 2.6404279470443726 0
1681903223444 2.6432356595993043 0
1681903223503 2.6435415029525755 0
1681903223560 2.6357932090759277 0
1681903223618 2.63471143245697 0
1681903223677 2.6340593576431273 0
1681903223735 2.6260841369628904 0
1681903223794 2.6338905572891234 0
1681903223869 2.6193496942520142 0
1681903223964 2.619730067253113 0
1681903224037 2.627773642539978 0
1681903224098 2.606800746917725 0
1681903224159 2.6192281246185303 0
1681903224221 2.6122330904006956 0
1681903224281 2.6065258979797363 0
1681903224342 2.612571620941162 0
1681903224443 2.60608446598053 0
1681903224545 2.601285529136658 0
1681903224610 2.605603241920471 0
1681903224665 2.6021532297134398 0
1681903225658 2.591118669509888 0
1681903225721 2.5983315229415895 0
1681903225821 2.59877667427063 0
1681903225882 2.595288705825806 0
1681903225943 2.59577796459198 0
1681903226004 2.5974230051040648 0
1681903226065 2.5943177461624147 0
1681903226126 2.5845979928970335 0
1681903226184 2.594435930252075 0
1681903226243 2.5821074724197386 0
1681903226304 2.593447947502136 0
1681903226363 2.5836851835250854 0
1681903226422 2.582067632675171 0
1681903226480 2.5789422273635862 0
1681903226539 2.580734634399414 0
1681903226610 2.5832270622253417 0
1681903226674 2.5862146615982056 0
1681903226733 2.5769497394561767 0
1681903226791 2.570992279052734 0
1681903226853 2.573002576828003 0
1681903226912 2.5699662923812867 0
1681903226974 2.573410248756409 0
1681903227033 2.5718082427978515 0
1681903227093 2.5744040489196776 0
1681903227151 2.562544107437134 0
1681903227210 2.573103427886963 0
1681903227297 2.5810097455978394 0
1681903227367 2.565011668205261 0
1681903227436 2.5684608697891234 0
1681903227512 2.5564181566238404 0
1681903227593 2.555621099472046 0
1681903227708 2.567160487174988 0
1681903227788 2.549450993537903 0
1681903227862 2.564585733413696 0
1681903227946 2.56020450592041 0
1681903228030 2.558168387413025 0
1681903228116 2.5564051151275633 0
1681903228206 2.5666524171829224 0
1681903228308 2.557277297973633 0
1681903228391 2.56361563205719 0
1681903228462 2.5542571544647217 0
1681903228536 2.552476739883423 0
1681903228611 2.556054878234863 0
1681903228679 2.555809831619263 0
1681903228749 2.555440592765808 0
1681903228819 2.547455644607544 0
1681903228887 2.547556447982788 0
1681903228962 2.549396276473999 0
1681903229031 2.5544365644454956 0
1681903229100 2.5432149887084963 0
1681903229169 2.5503488063812254 0
1681903229238 2.5451324224472045 0
1681903229311 2.5488480806350706 0
1681903229384 2.5493955850601195 0
1681903229456 2.547270584106445 0
1681903229526 2.5533130884170534 0
1681903229596 2.5508206605911257 0
1681903229666 2.541412043571472 0
1681903229736 2.5436145544052122 0
1681903229803 2.5428284645080566 0
1681903229867 2.546335792541504 0
1681903229927 2.5447835683822633 0
1681903229989 2.535073971748352 0
1681903230049 2.5455859184265135 0
1681903230111 2.549383044242859 0
1681903230170 2.5384498834609985 0
1681903230229 2.5446149587631224 0
1681903230291 2.54880747795105 0
1681903230354 2.549924206733704 0
1681903230414 2.5437933206558228 0
1681903230472 2.5347694396972655 0
1681903230532 2.5347458600997923 0
1681903230590 2.542322063446045 0
1681903230649 2.5430713653564454 0
1681903230708 2.537230658531189 0
1681903230767 2.53869149684906 0
1681903230828 2.5357108116149902 0
1681903230889 2.5414471864700316 0
1681903230948 2.5369669437408446 0
1681903231020 2.539480781555176 0
1681903231096 2.53952796459198 0
1681903231176 2.5325356006622313 0
1681903231249 2.5291011095047 0
1681903231322 2.532240128517151 0
1681903231392 2.5356457471847533 0
1681903231459 2.5313705682754515 0
1681903231520 2.5331727266311646 0
1681903231580 2.5347828388214113 0
1681903231640 2.53424334526062 0
1681903231698 2.5272344589233398 0
1681903231758 2.5364325523376463 0
1681903231817 2.5235403776168823 0
1681903231875 2.528892493247986 0
1681903231935 2.5273125648498533 0
1681903231994 2.5308427095413206 0
1681903232052 2.530230760574341 0
1681903232111 2.516542887687683 0
1681903232171 2.527719593048096 0
1681903232230 2.5417730808258057 0
1681903232289 2.522907543182373 0
1681903232348 2.5313966035842896 0
1681903232406 2.5223385095596313 0
1681903232465 2.5270307540893553 0
1681903232524 2.52633957862854 0
1681903232584 2.524643135070801 0
1681903232644 2.5268892288208007 0
1681903232704 2.5345521211624145 0
1681903232763 2.5245129823684693 0
1681903232822 2.5288185119628905 0
1681903232880 2.5356724739074705 0
1681903232940 2.530541181564331 0
1681903233000 2.519218397140503 0
1681903233061 2.5251160621643067 0
1681903233126 2.5223912715911867 0
1681903233186 2.519829344749451 0
1681903233248 2.535242128372192 0
1681903233306 2.5287823915481566 0
1681903233366 2.5252763271331786 0
1681903233425 2.5283082008361815 0
1681903233483 2.523997092247009 0
1681903233542 2.526745414733887 0
1681903233602 2.523412847518921 0
1681903233661 2.5154735803604127 0
1681903233719 2.52774863243103 0
1681903233777 2.522036242485046 0
1681903233837 2.523958849906921 0
1681903233897 2.5237823486328126 0
1681903233956 2.5414743185043336 0
1681903234017 2.5289432048797607 0
1681903234076 2.520766997337341 0
1681903234135 2.52681679725647 0
1681903234200 2.5144760847091674 0
1681903234258 2.5188006162643433 0
1681903234317 2.5194446563720705 0
1681903234376 2.5291863679885864 0
1681903234435 2.5202466011047364 0
1681903234494 2.516893744468689 0
1681903234555 2.52497193813324 0
1681903234623 2.525782608985901 0
1681903234689 2.5203442573547363 0
1681903234748 2.521737265586853 0
1681903234809 2.5215657472610475 0
1681903234869 2.521640682220459 0
1681903234928 2.51754686832428 0
1681903234987 2.5160289764404298 0
1681903235046 2.5214257717132567 0
1681903235105 2.5205559015274046 0
1681903235164 2.5178047895431517 0
1681903235222 2.519206166267395 0
1681903235281 2.512582230567932 0
1681903235340 2.52531578540802 0
1681903235399 2.5025362968444824 0
1681903235484 2.522210693359375 0
1681903235543 2.5192474603652952 0
1681903235604 2.515280032157898 0
1681903235664 2.523982286453247 0
1681903235724 2.522808623313904 0
1681903235782 2.525455689430237 0
1681903235842 2.5205613136291505 0
1681903235901 2.518130660057068 0
1681903235959 2.5244007110595703 0
1681903236018 2.5183608770370483 0
1681903236077 2.5198717594146727 0
1681903236137 2.517283892631531 0
1681903236196 2.514822554588318 0
1681903236255 2.5112991333007812 0
1681903236313 2.514228940010071 0
1681903236396 2.5240651607513427 0
1681903236457 2.5106980562210084 0
1681903236517 2.5165111780166627 0
1681903236576 2.5170725107192995 0
1681903236636 2.521122908592224 0
1681903236695 2.509721302986145 0
1681903236754 2.518113374710083 0
1681903236813 2.5153562307357786 0
1681903236873 2.524219298362732 0
1681903236932 2.5138746023178102 0
1681903236990 2.5096304655075072 0
1681903237049 2.5106359720230103 0
1681903237108 2.5075828075408935 0
1681903237166 2.514824938774109 0
1681903237232 2.5147055625915526 0
1681903237292 2.51179039478302 0
1681903237350 2.511295127868652 0
1681903237410 2.5080387115478517 0
1681903237471 2.516603446006775 0
1681903237535 2.5157371282577516 0
1681903237599 2.5109268188476563 0
1681903237666 2.5145473957061766 0
1681903237732 2.509055757522583 0
1681903237794 2.5123650789260865 0
1681903237858 2.5142776012420653 0
1681903237922 2.508262062072754 0
1681903237988 2.521326780319214 0
1681903238051 2.5142370462417603 0
1681903238128 2.5133471488952637 0
1681903238191 2.5106850385665895 0
1681903238250 2.510004448890686 0
1681903238310 2.510068488121033 0
1681903238369 2.515766668319702 0
1681903238429 2.518598508834839 0
1681903238488 2.507624697685242 0
1681903238547 2.5022552728652956 0
1681903238606 2.5129751920700074 0
1681903238665 2.5188027143478395 0
1681903238723 2.5175783395767213 0
1681903238782 2.511006569862366 0
1681903238840 2.5129271030426024 0
1681903238900 2.51436870098114 0
1681903238958 2.5236019849777223 0
1681903239017 2.508862113952637 0
1681903239076 2.512933349609375 0
1681903239135 2.506891465187073 0
1681903239193 2.5123626947402955 0
1681903239253 2.512227773666382 0
1681903239312 2.5246437072753904 0
1681903239401 2.5125247716903685 0
1681903239465 2.5128111600875855 0
1681903239526 2.501392865180969 0
1681903239584 2.5024879217147826 0
1681903239644 2.5007808685302733 0
1681903239704 2.5094428300857543 0
1681903239763 2.504301571846008 0
1681903239823 2.5128408670425415 0
1681903239890 2.5180731773376466 0
1681903239952 2.513265109062195 0
1681903240011 2.5092406988143923 0
1681903240070 2.5079886674880982 0
1681903240130 2.4976160287857057 0
1681903240189 2.5152873039245605 0
1681903240248 2.5097376108169556 0
1681903240307 2.5107372760772706 0
1681903240366 2.503454089164734 0
1681903240426 2.5051278114318847 0
1681903240487 2.509231352806091 0
1681903240546 2.5057979822158813 0
1681903240606 2.5098519802093504 0
1681903240665 2.5107377052307127 0
1681903240725 2.509083604812622 0
1681903240783 2.509961557388306 0
1681903240842 2.4982568502426146 0
1681903240919 2.508438324928284 0
1681903240985 2.516185975074768 0
1681903241045 2.5146394968032837 0
1681903241104 2.505121874809265 0
1681903241163 2.498059844970703 0
1681903241221 2.5201130628585817 0
1681903241280 2.5102243185043336 0
1681903241340 2.5080621242523193 0
1681903241399 2.5155505418777464 0
1681903241458 2.5137253284454344 0
1681903241517 2.5035292863845826 0
1681903241580 2.5159516096115113 0
1681903241642 2.5039899587631225 0
1681903241701 2.508969783782959 0
1681903241760 2.505975770950317 0
1681903241819 2.5024041414260862 0
1681903241878 2.510282611846924 0
1681903241936 2.5115769863128663 0
1681903241994 2.5071640968322755 0
1681903242053 2.5098079442977905 0
1681903242112 2.4987004518508913 0
1681903242172 2.5072142124176025 0
1681903242230 2.5102975606918334 0
1681903242289 2.502267336845398 0
1681903242347 2.504700255393982 0
1681903242406 2.5081996440887453 0
1681903242464 2.505138874053955 0
1681903242523 2.4967942237854004 0
1681903242582 2.4995598077774046 0
1681903242641 2.5115492820739744 0
1681903242702 2.4974984407424925 0
1681903242761 2.4996477365493774 0
1681903242820 2.505263924598694 0
1681903242878 2.5109242677688597 0
1681903242937 2.5081058502197267 0
1681903242997 2.521815776824951 0
1681903243055 2.5165848970413207 0
1681903243117 2.5094030857086183 0
1681903243175 2.500428247451782 0
1681903243236 2.5150054931640624 0
1681903243296 2.508410835266113 0
1681903243355 2.504080891609192 0
1681903243413 2.5088079929351808 0
1681903243473 2.506431460380554 0
1681903243532 2.506697678565979 0
1681903243590 2.5050599813461303 0
1681903243649 2.49759418964386 0
1681903243708 2.510217237472534 0
1681903243767 2.496976542472839 0
1681903243826 2.508362650871277 0
1681903243883 2.5146859645843507 0
1681903243943 2.4990550756454466 0
1681903244002 2.4992589712142945 0
1681903244061 2.49767906665802 0
1681903244120 2.5070013999938965 0
1681903244178 2.4921114683151244 0
1681903244237 2.4958181142807008 0
1681903244297 2.5014448881149294 0
1681903244355 2.4943248510360716 0
1681903244413 2.506601858139038 0
1681903244472 2.5112838745117188 0
1681903244530 2.512946844100952 0
1681903244589 2.5104169130325316 0
1681903244648 2.503420042991638 0
1681903244707 2.5003018379211426 0
1681903244767 2.507028651237488 0
1681903244826 2.5073073863983155 0
1681903244884 2.505529499053955 0
1681903244943 2.498851776123047 0
1681903245003 2.495216488838196 0
1681903245063 2.5057320594787598 0
1681903245122 2.500347948074341 0
1681903245180 2.5070008754730226 0
1681903245240 2.515370583534241 0
1681903245298 2.5118810176849364 0
1681903245356 2.496903133392334 0
1681903245416 2.5049039125442505 0
1681903245475 2.501557493209839 0
1681903245535 2.4978808164596558 0
1681903245594 2.500074577331543 0
1681903245653 2.497093391418457 0
1681903245711 2.5013493061065675 0
1681903245771 2.503088188171387 0
1681903245832 2.505008029937744 0
1681903245891 2.501908874511719 0
1681903245950 2.4976882696151734 0
1681903246010 2.5037994623184203 0
1681903246070 2.509821820259094 0
1681903246129 2.4961406707763674 0
1681903246187 2.50845627784729 0
1681903246246 2.514241123199463 0
1681903246304 2.5093294858932493 0
1681903246363 2.5043534517288206 0
1681903246422 2.5037878513336183 0
1681903246480 2.5136078357696534 0
1681903246544 2.502717399597168 0
1681903246603 2.5080117702484133 0
1681903246669 2.500162220001221 0
1681903246729 2.4987240076065063 0
1681903246788 2.497622513771057 0
1681903246847 2.4934908390045165 0
1681903246906 2.503668928146362 0
1681903246966 2.498870587348938 0
1681903247023 2.505587077140808 0
1681903247082 2.5046852827072144 0
1681903247142 2.5006445169448854 0
1681903247201 2.5111491203308107 0
1681903247260 2.5047383308410645 0
1681903247319 2.5126470804214476 0
1681903247378 2.5055598974227906 0
1681903247437 2.507733178138733 0
1681903247500 2.500244212150574 0
1681903247565 2.5028549909591673 0
1681903247629 2.5027639627456666 0
1681903247693 2.499361538887024 0
1681903247759 2.4946161270141602 0
1681903247851 2.5058477401733397 0
1681903247919 2.498754787445068 0
1681903247984 2.498684787750244 0
1681903248049 2.5067376852035523 0
1681903248111 2.500852942466736 0
1681903248170 2.5058085680007935 0
1681903248231 2.4989232540130617 0
1681903248290 2.496267890930176 0
1681903248349 2.5065612316131594 0
1681903248409 2.4967061281204224 0
1681903248468 2.5001906156539917 0
1681903248526 2.508970761299133 0
1681903248585 2.497668147087097 0
1681903248645 2.500593376159668 0
1681903248704 2.492890644073486 0
1681903248763 2.504482126235962 0
1681903248821 2.503576874732971 0
1681903248880 2.501948428153992 0
1681903248939 2.493165898323059 0
1681903248998 2.4937445402145384 0
1681903249056 2.501005506515503 0
1681903249115 2.498133325576782 0
1681903249174 2.494962739944458 0
1681903249233 2.5028653860092165 0
1681903249292 2.5026713848114013 0
1681903249351 2.495403218269348 0
1681903249410 2.504046106338501 0
1681903249470 2.497341513633728 0
1681903249529 2.5015641927719114 0
1681903249588 2.50335156917572 0
1681903249648 2.4993298292160033 0
1681903249708 2.501020336151123 0
1681903249767 2.4874255895614623 0
1681903249826 2.5016416549682616 0
1681903249884 2.500721573829651 0
1681903249944 2.502730894088745 0
1681903250003 2.49674916267395 0
1681903250064 2.4975943565368652 0
1681903250123 2.498806881904602 0
1681903250187 2.499639630317688 0
1681903250246 2.502380847930908 0
1681903250306 2.499278736114502 0
1681903250364 2.4962846994400025 0
1681903250424 2.4944654226303102 0
1681903250481 2.501454544067383 0
1681903250541 2.4992033720016478 0
1681903250601 2.5030588626861574 0
1681903250660 2.495021414756775 0
1681903250719 2.4944172620773317 0
1681903250779 2.4981287240982057 0
1681903250839 2.502333164215088 0
1681903250898 2.508597660064697 0
1681903250956 2.5039913415908814 0
1681903251016 2.504694199562073 0
1681903251075 2.4962761878967283 0
1681903251135 2.5083765268325804 0
1681903251194 2.4992851972579957 0
1681903251253 2.4929369926452636 0
1681903251313 2.50143415927887 0
1681903251372 2.4861631870269774 0
1681903251431 2.5101109027862547 0
1681903251490 2.49638831615448 0
1681903251549 2.5040202140808105 0
1681903251609 2.497478652000427 0
1681903251669 2.503086566925049 0
1681903251728 2.499603199958801 0
1681903251787 2.49376380443573 0
1681903251847 2.509933423995972 0
1681903251910 2.4983399152755736 0
1681903251970 2.500380206108093 0
1681903252032 2.4992584466934202 0
1681903252093 2.494095301628113 0
1681903252154 2.5024097681045534 0
1681903252213 2.4946984529495237 0
1681903252273 2.4886507987976074 0
1681903252332 2.5016666889190673 0
1681903252391 2.5027835607528686 0
1681903252450 2.495210289955139 0
1681903252510 2.498352861404419 0
1681903252568 2.5026188135147094 0
1681903252627 2.4968030214309693 0
1681903252686 2.5098973989486693 0
1681903252747 2.499078130722046 0
1681903252807 2.5042595863342285 0
1681903252867 2.4921136617660524 0
1681903252925 2.496490788459778 0
1681903252983 2.504515862464905 0
1681903253042 2.4926040172576904 0
1681903253100 2.494429349899292 0
1681903253159 2.5030015468597413 0
1681903253218 2.4950390338897703 0
1681903253277 2.4927204847335815 0
1681903253361 2.500042724609375 0
1681903253423 2.497450280189514 0
1681903253482 2.4953732252120973 0
1681903253542 2.497852659225464 0
1681903253600 2.5011215686798094 0
1681903253659 2.4887463569641115 0
1681903253718 2.4933114767074587 0
1681903253777 2.492292594909668 0
1681903253836 2.4951387882232665 0
1681903253895 2.494397234916687 0
1681903253953 2.4985963106155396 0
1681903254015 2.496583604812622 0
1681903254077 2.497518801689148 0
1681903254150 2.5062970161437987 0
1681903254211 2.490563988685608 0
1681903254270 2.5025527238845826 0
1681903254329 2.4982843160629273 0
1681903254387 2.4960013151168825 0
1681903254447 2.4988138675689697 0
1681903254507 2.4998544692993163 0
1681903254579 2.5032320976257325 0
1681903254636 2.492042875289917 0
1681903255633 2.4885085105895994 0
1681903255702 2.5023409128189087 0
1681903255762 2.4979592084884645 0
1681903255824 2.4969550371170044 0
1681903255883 2.496254587173462 0
1681903255943 2.494648575782776 0
1681903256003 2.501794719696045 0
1681903256111 2.485568404197693 0
1681903256173 2.4977401971817015 0
1681903256235 2.4901049375534057 0
1681903256300 2.4965036392211912 0
1681903256368 2.5081560373306275 0
1681903256444 2.4952810049057006 0
1681903256509 2.487585997581482 0
1681903256600 2.4991013526916506 0
1681903256673 2.502458119392395 0
1681903256737 2.5050213098526 0
1681903256798 2.49490864276886 0
1681903256859 2.502037286758423 0
1681903256921 2.4951741218566896 0
1681903256992 2.5009783029556276 0
1681903257053 2.504158306121826 0
1681903257115 2.4970099210739134 0
1681903257247 2.498565435409546 0
1681903257320 2.49568395614624 0
1681903257380 2.502513861656189 0
1681903257439 2.5080479860305784 0
1681903257500 2.4986574411392213 0
1681903257564 2.5016103744506837 0
1681903257629 2.496439003944397 0
1681903257693 2.4901442527770996 0
1681903257758 2.5033222675323485 0
1681903257822 2.4934103727340697 0
1681903257885 2.4874693393707275 0
1681903257948 2.4940540552139283 0
1681903258013 2.491129994392395 0
1681903258078 2.5027637004852297 0
1681903258155 2.488260865211487 0
1681903258225 2.4993854999542235 0
1681903258289 2.5020831823349 0
1681903258348 2.4982982873916626 0
1681903258406 2.500991106033325 0
1681903258464 2.502567672729492 0
1681903258522 2.4958658456802367 0
1681903258582 2.506550097465515 0
1681903258642 2.5007966995239257 0
1681903258701 2.498632311820984 0
1681903258759 2.496346664428711 0
1681903258816 2.498085379600525 0
1681903258874 2.496572256088257 0
1681903258933 2.497924566268921 0
1681903258991 2.5031955242156982 0
1681903259049 2.4923526287078857 0
1681903259107 2.496635365486145 0
1681903259166 2.49979248046875 0
1681903259222 2.4868898391723633 0
1681903259280 2.5023780345916746 0
1681903259340 2.4908769845962526 0
1681903259399 2.5000976800918577 0
1681903259456 2.4936681270599363 0
1681903259514 2.4970239400863647 0
1681903259572 2.4954116106033326 0
1681903259631 2.4958884954452514 0
1681903259690 2.5031448125839235 0
1681903259748 2.4941930532455445 0
1681903259806 2.4911534547805787 0
1681903259865 2.497268533706665 0
1681903259923 2.499407911300659 0
1681903259982 2.4993292570114134 0
1681903260051 2.4961347818374633 0
1681903260136 2.49346718788147 0
1681903260218 2.502551627159119 0
1681903260311 2.494482469558716 0
1681903260395 2.4943390607833864 0
1681903260474 2.5028472900390626 0
1681903260541 2.4961374044418334 0
1681903260603 2.4920262575149534 0
1681903260665 2.4912745475769045 0
1681903260727 2.495668816566467 0
1681903260787 2.5004492521286013 0
1681903260853 2.500856065750122 0
1681903260921 2.4924412250518797 0
1681903260984 2.494573450088501 0
1681903261044 2.4896690607070924 0
1681903261104 2.492170572280884 0
1681903261164 2.4932540893554687 0
1681903261223 2.488943600654602 0
1681903261281 2.4964343786239622 0
1681903261339 2.4940739393234255 0
1681903261398 2.4903953075408936 0
1681903261456 2.4883790254592895 0
1681903261515 2.4985142230987547 0
1681903261574 2.496886205673218 0
1681903261632 2.492016577720642 0
1681903261690 2.4879026651382445 0
1681903261748 2.498246192932129 0
1681903261807 2.4893396377563475 0
1681903261865 2.505726957321167 0
1681903261926 2.4971593618392944 0
1681903261985 2.500338983535767 0
1681903262044 2.5018852949142456 0
1681903262104 2.4950829267501833 0
1681903262163 2.4916412353515627 0
1681903262221 2.503552484512329 0
1681903262280 2.494758462905884 0
1681903262339 2.4967187881469726 0
1681903262397 2.497168779373169 0
1681903262455 2.4990617275238036 0
1681903262513 2.491695833206177 0
1681903262572 2.4928404569625853 0
1681903262630 2.4923020124435427 0
1681903262689 2.4913694858551025 0
1681903262747 2.4962607860565185 0
1681903262806 2.4930480241775514 0
1681903262866 2.4984002828598024 0
1681903262925 2.4909480094909666 0
1681903262983 2.4926099300384523 0
1681903263042 2.4984338760375975 0
1681903263103 2.498033905029297 0
1681903263167 2.4996446847915648 0
1681903263226 2.4959195613861085 0
1681903263285 2.4908200025558473 0
1681903263344 2.4965118646621702 0
1681903263403 2.4900790452957153 0
1681903263463 2.5089325189590452 0
1681903263522 2.4964662551879884 0
1681903263581 2.498235249519348 0
1681903263640 2.4985822677612304 0
1681903263699 2.489601421356201 0
1681903263758 2.505601167678833 0
1681903263816 2.49557843208313 0
1681903263874 2.491210412979126 0
1681903263934 2.5038494348526 0
1681903263993 2.504298543930054 0
1681903264051 2.4943809032440187 0
1681903264110 2.4930765628814697 0
1681903264169 2.491811466217041 0
1681903264228 2.4907986164093017 0
1681903264288 2.490608835220337 0
1681903264347 2.492718052864075 0
1681903264407 2.4939577341079713 0
1681903264466 2.494787406921387 0
1681903264524 2.501202869415283 0
1681903264582 2.4937960147857665 0
1681903264641 2.4920788288116453 0
1681903264700 2.501055145263672 0
1681903264759 2.503308343887329 0
1681903264819 2.490750479698181 0
1681903264878 2.4996525049209595 0
1681903264937 2.4909204959869387 0
1681903264996 2.49630491733551 0
1681903265054 2.4901467084884645 0
1681903265112 2.4963465213775633 0
1681903265171 2.505170154571533 0
1681903265230 2.490409827232361 0
1681903265288 2.502118730545044 0
1681903265346 2.484270787239075 0
1681903265406 2.500559401512146 0
1681903265464 2.5027839660644533 0
1681903265523 2.492665195465088 0
1681903265581 2.5024731159210205 0
1681903265642 2.5047603607177735 0
1681903265702 2.4875133991241456 0
1681903265761 2.5024516105651857 0
1681903265820 2.496972990036011 0
1681903265879 2.49326114654541 0
1681903265938 2.4971524715423583 0
1681903265996 2.483316659927368 0
1681903266054 2.4842304229736327 0
1681903266114 2.4920929670333862 0
1681903266175 2.488369178771973 0
1681903266235 2.497784423828125 0
1681903266293 2.4924622535705567 0
1681903266379 2.4927361249923705 0
1681903266439 2.4999240398406983 0
1681903266496 2.4924537420272825 0
1681903266554 2.4943637371063234 0
1681903266613 2.488187336921692 0
1681903266672 2.492378044128418 0
1681903266731 2.4939105987548826 0
1681903266789 2.4922650337219237 0
1681903266847 2.4986112833023073 0
1681903266905 2.5032484769821166 0
1681903266963 2.490680384635925 0
1681903267021 2.4953835248947143 0
1681903267079 2.4929783582687377 0
1681903267137 2.490715670585632 0
1681903267195 2.4901219844818114 0
1681903267252 2.49402801990509 0
1681903267311 2.4953710079193114 0
1681903267370 2.48957097530365 0
1681903267428 2.4907146453857423 0
1681903267486 2.491527271270752 0
1681903267550 2.4896931886672973 0
1681903267615 2.4897067308425904 0
1681903267682 2.4985538005828856 0
1681903267747 2.494443893432617 0
1681903267811 2.4928308963775634 0
1681903267877 2.501387596130371 0
1681903267942 2.4964337587356566 0
1681903268006 2.497750496864319 0
1681903268072 2.488441896438599 0
1681903268143 2.495381474494934 0
1681903268202 2.4967363834381104 0
1681903268261 2.4887568235397337 0
1681903268320 2.497862219810486 0
1681903268379 2.492187261581421 0
1681903268437 2.493283724784851 0
1681903268496 2.49430627822876 0
1681903268554 2.488729691505432 0
1681903268614 2.4932346820831297 0
1681903268672 2.5025782346725465 0
1681903268730 2.485745000839233 0
1681903268788 2.4939056634902954 0
1681903268847 2.5007877588272094 0
1681903268906 2.4897620916366576 0
1681903268983 2.491251516342163 0
1681903269043 2.493290901184082 0
1681903269101 2.4890890598297117 0
1681903269159 2.49188916683197 0
1681903269217 2.4936869621276854 0
1681903269275 2.4877405166625977 0
1681903269334 2.489448380470276 0
1681903269391 2.5025583028793337 0
1681903269449 2.5021050214767455 0
1681903269507 2.489275884628296 0
1681903269566 2.505121684074402 0
1681903269624 2.4963639259338377 0
1681903269684 2.4944288969039916 0
1681903269743 2.485616421699524 0
1681903269801 2.5017248392105103 0
1681903269859 2.4885743379592897 0
1681903269917 2.4852468013763427 0
1681903269976 2.496156644821167 0
1681903270035 2.497892689704895 0
1681903270092 2.4918577671051025 0
1681903270153 2.4968180418014527 0
1681903270213 2.4901719093322754 0
1681903270283 2.4917983531951906 0
1681903270380 2.4890230894088745 0
1681903270444 2.4871562480926515 0
1681903270508 2.5051397562026976 0
1681903270623 2.490003156661987 0
1681903270746 2.487973356246948 0
1681903270810 2.484980249404907 0
1681903270870 2.4924149990081785 0
1681903270930 2.494878339767456 0
1681903270990 2.4916682958602907 0
1681903271051 2.482860469818115 0
1681903271113 2.4919990062713624 0
1681903271175 2.4951762437820433 0
1681903271237 2.4959924936294557 0
1681903271298 2.4953022956848145 0
1681903271359 2.494465398788452 0
1681903271420 2.4945430755615234 0
1681903271479 2.4866777658462524 0
1681903271540 2.490713047981262 0
1681903271599 2.4892269134521485 0
1681903271658 2.490167188644409 0
1681903271718 2.4966978788375855 0
1681903271778 2.4852564334869385 0
1681903271843 2.491034984588623 0
1681903271903 2.4950114250183106 0
1681903271962 2.50451545715332 0
1681903272021 2.489171600341797 0
1681903272080 2.490531086921692 0
1681903272140 2.492286968231201 0
1681903272248 2.489578461647034 0
1681903272321 2.492309498786926 0
1681903272389 2.486280679702759 0
1681903272474 2.489630842208862 0
1681903272554 2.4843202114105223 0
1681903272631 2.4897451877593992 0
1681903272712 2.502619218826294 0
1681903272790 2.4915010929107666 0
1681903272860 2.4893987655639647 0
1681903272932 2.4956943511962892 0
1681903273002 2.4887503385543823 0
1681903273067 2.483824634552002 0
1681903273142 2.5045911073684692 0
1681903273210 2.495510220527649 0
1681903273288 2.495497941970825 0
1681903273359 2.4943719148635863 0
1681903273429 2.495873522758484 0
1681903273495 2.493280363082886 0
1681903273557 2.500575542449951 0
1681903273620 2.4857664108276367 0
1681903273682 2.489008331298828 0
1681903273744 2.496161103248596 0
1681903273804 2.4968091249465942 0
1681903273866 2.483996343612671 0
1681903273925 2.4858872413635256 0
1681903273983 2.501173973083496 0
1681903274042 2.492264151573181 0
1681903274101 2.5009801626205443 0
1681903274161 2.505919599533081 0
1681903274219 2.4925930500030518 0
1681903274278 2.4892807245254516 0
1681903274340 2.492012310028076 0
1681903274400 2.501220774650574 0
1681903274463 2.49071261882782 0
1681903274526 2.4878931522369383 0
1681903274588 2.503572630882263 0
1681903274648 2.4906022787094115 0
1681903274709 2.4873122453689573 0
1681903274774 2.4850492238998414 0
1681903274836 2.4910345315933227 0
1681903274895 2.5012569427490234 0
1681903274956 2.505757451057434 0
1681903275014 2.4911169052124023 0
1681903275073 2.489774560928345 0
1681903275132 2.493260049819946 0
1681903275191 2.4875564336776734 0
1681903275255 2.4930339097976684 0
1681903275319 2.48752646446228 0
1681903275381 2.491193437576294 0
1681903275441 2.4896103382110595 0
1681903275509 2.4878390073776244 0
1681903275582 2.501280426979065 0
1681903275645 2.501161813735962 0
1681903275710 2.495808792114258 0
1681903275774 2.488499116897583 0
1681903275836 2.4891667127609254 0
1681903275894 2.4832721948623657 0
1681903275952 2.487516760826111 0
1681903276012 2.4856366395950316 0
1681903276076 2.4894949436187743 0
1681903276137 2.4930087089538575 0
1681903276195 2.482118034362793 0
1681903276256 2.4855266571044923 0
1681903276315 2.4942084550857544 0
1681903276374 2.4877827167510986 0
1681903276435 2.492560386657715 0
1681903276498 2.4978259325027468 0
1681903276558 2.4881921768188477 0
1681903276617 2.493161606788635 0
1681903276678 2.481588053703308 0
1681903276739 2.4908782958984377 0
1681903276798 2.494870328903198 0
1681903276858 2.4984680891036986 0
1681903276921 2.4960978031158447 0
1681903276981 2.490397548675537 0
1681903277040 2.4915765523910522 0
1681903277099 2.4963308572769165 0
1681903277159 2.4972384452819822 0
1681903277218 2.4902311086654665 0
1681903277277 2.490742230415344 0
1681903277341 2.499403142929077 0
1681903277404 2.49065682888031 0
1681903277462 2.4877901315689086 0
1681903277524 2.490018630027771 0
1681903277592 2.4916293621063232 0
1681903277657 2.4906924247741697 0
1681903277721 2.489466428756714 0
1681903277828 2.4958842515945436 0
1681903277927 2.496717166900635 0
1681903277992 2.489720869064331 0
1681903278058 2.4887408018112183 0
1681903278128 2.4918748140335083 0
1681903278195 2.494304323196411 0
1681903278257 2.4873132944107055 0
1681903278315 2.493628430366516 0
1681903278375 2.492954397201538 0
1681903278444 2.4974847793579102 0
1681903278505 2.491094207763672 0
1681903278563 2.490719437599182 0
1681903278621 2.49009964466095 0
1681903278680 2.4916579008102415 0
1681903278743 2.489180564880371 0
1681903278808 2.4921820640563963 0
1681903278873 2.48265655040741 0
1681903278936 2.488415741920471 0
1681903279003 2.495915746688843 0
1681903279066 2.4918158054351807 0
1681903279128 2.501041579246521 0
1681903279192 2.493467593193054 0
1681903279252 2.492711615562439 0
1681903279311 2.4933773279190063 0
1681903279376 2.4864522218704224 0
1681903279436 2.4995928764343263 0
1681903279495 2.498417043685913 0
1681903279553 2.488493490219116 0
1681903279611 2.4899442195892334 0
1681903279670 2.4933481454849242 0
1681903279728 2.5005332708358763 0
1681903279787 2.488813281059265 0
1681903279847 2.4983031511306764 0
1681903279906 2.4864941596984864 0
1681903279964 2.490480875968933 0
1681903280022 2.4933231353759764 0
1681903280080 2.491895604133606 0
1681903280143 2.487040567398071 0
1681903280213 2.486039233207703 0
1681903280273 2.505949330329895 0
1681903280335 2.4896429061889647 0
1681903280394 2.4979451656341554 0
1681903280467 2.488757038116455 0
1681903280531 2.4960349082946776 0
1681903280590 2.4995909452438356 0
1681903280650 2.4902706146240234 0
1681903280709 2.486053204536438 0
1681903280776 2.4850594997406006 0
1681903280836 2.4918999671936035 0
1681903280895 2.4863307237625123 0
1681903280954 2.4890323162078856 0
1681903281011 2.4939379930496215 0
1681903281070 2.4919659376144407 0
1681903281130 2.4942068099975585 0
1681903281189 2.4892729759216308 0
1681903281248 2.4961424589157106 0
1681903281306 2.4932682275772096 0
1681903281368 2.488896942138672 0
1681903281425 2.4907835721969604 0
1681903281484 2.488564920425415 0
1681903281543 2.494572639465332 0
1681903281601 2.4986384391784666 0
1681903281661 2.4853460788726807 0
1681903281718 2.499293351173401 0
1681903281777 2.4980191230773925 0
1681903281835 2.489548182487488 0
1681903281893 2.491848850250244 0
1681903281953 2.4987107038497927 0
1681903282011 2.493676543235779 0
1681903282071 2.4875829458236693 0
1681903282130 2.4903037786483764 0
1681903282189 2.4956015825271605 0
1681903282247 2.4947614431381226 0
1681903282306 2.488637900352478 0
1681903282365 2.4946526288986206 0
1681903282424 2.490186595916748 0
1681903282482 2.4942413568496704 0
1681903282541 2.4916982650756836 0
1681903282610 2.4947412967681886 0
1681903282675 2.489830183982849 0
1681903282734 2.487423133850098 0
1681903282794 2.489433240890503 0
1681903282852 2.4872278690338137 0
1681903282915 2.4922714471817016 0
1681903282990 2.4860764503479005 0
1681903283052 2.4997912406921388 0
1681903283113 2.487339639663696 0
1681903283172 2.4827114582061767 0
1681903283231 2.4850088596343993 0
1681903283289 2.4919543981552126 0
1681903283347 2.485378313064575 0
1681903283405 2.492076873779297 0
1681903283466 2.4865041971206665 0
1681903283524 2.496822237968445 0
