1682071046355 4.224968528747558 0
1682071057498 3.8691478967666626 0
1682071068520 3.678092861175537 0
1682071079603 3.5670235633850096 0
1682071090698 3.453362560272217 0
1682071101880 3.3656936407089235 0
1682071113049 3.2617106437683105 0
1682071124084 3.177193212509155 0
1682071135110 3.0953981399536135 0
1682071146210 3.0198509216308596 0
1682071157356 2.9512738466262816 0
1682071168487 2.8992318153381347 0
1682071179512 2.8522669792175295 0
1682071190666 2.821876311302185 0
1682071201993 2.7998923301696776 0
1682071213143 2.766724395751953 0
1682071224303 2.7406014442443847 0
1682071235439 2.7319507360458375 0
1682071246511 2.707618236541748 0
1682071257555 2.692423868179321 0
1682071269011 2.679403519630432 0
1682071280286 2.6735414266586304 0
1682071291501 2.6608312129974365 0
1682071302778 2.6551153659820557 0
1682071313814 2.6522257566452025 0
1682071324888 2.6364946365356445 0
1682071335999 2.628260374069214 0
1682071347193 2.6247203826904295 0
1682071358259 2.6111143827438354 0
1682071369313 2.611426901817322 0
1682071380383 2.6091522932052613 0
1682071391489 2.5980345249176025 0
1682071402752 2.6011959075927735 0
1682072384883 2.590791368484497 0
1682072505917 2.5812932014465333 0
1682072866183 2.5876067876815796 0
1682072877412 2.5812702655792235 0
1682072889247 2.5745836973190306 0
1682072900162 2.571948432922363 0
1682072911160 2.5698038578033446 0
1682072922260 2.5654941320419313 0
1682072933407 2.569302129745483 0
1682072944467 2.5628886461257934 0
1682072955595 2.5583727836608885 0
1682072966647 2.5609360694885255 0
1682072977723 2.5571794509887695 0
1682072988940 2.5475383758544923 0
1682072999985 2.5432677984237673 0
1682073011012 2.5411420822143556 0
1682073022213 2.540125012397766 0
1682073033272 2.531691074371338 0
1682073044322 2.5434699773788454 0
1682073055434 2.5309980154037475 0
1682073066423 2.527758812904358 0
1682073077541 2.5285459041595457 0
1682073088732 2.536209297180176 0
1682073099854 2.529853272438049 0
1682073110906 2.5257029056549074 0
1682073122060 2.5271676063537596 0
1682073133171 2.52300124168396 0
1682073144246 2.521539092063904 0
1682073155321 2.519149136543274 0
1682073166689 2.5212377309799194 0
1682073177811 2.5129037380218504 0
1682073189025 2.510540795326233 0
1682073200181 2.5054970741271974 0
1682073211229 2.5023412227630617 0
1682073222284 2.502358627319336 0
1682073233487 2.5013441324234007 0
1682073245001 2.507124733924866 0
1682073255977 2.4998387575149534 0
1682073267124 2.507342553138733 0
1682073278250 2.5029770851135256 0
1682073289502 2.4920610666275023 0
1682073300638 2.498103952407837 0
1682073311774 2.495855784416199 0
1682073322901 2.488194990158081 0
1682073333985 2.493797850608826 0
1682073345026 2.4811121225357056 0
1682073356116 2.482504630088806 0
1682073367270 2.4801531553268434 0
1682073378408 2.4876882076263427 0
1682073389621 2.493924117088318 0
1682073402262 2.4800556898117065 0
1682073413437 2.4779499769210815 0
1682073424606 2.484932613372803 0
1682073435746 2.476162385940552 0
1682073446933 2.4791720151901244 0
1682073458108 2.4782612323760986 0
1682073469980 2.4873483896255495 0
1682073481128 2.465113377571106 0
1682073492497 2.474805974960327 0
1682073504910 2.4662373542785643 0
1682073515755 2.473807191848755 0
1682073526790 2.4676300287246704 0
1682073537860 2.4664038896560667 0
1682073549028 2.467760133743286 0
1682073560264 2.461975646018982 0
1682073571314 2.463714575767517 0
1682073582491 2.4540791273117066 0
1682073593663 2.459625506401062 0
1682073604676 2.4664320230484007 0
1682073615855 2.464019703865051 0
1682073627018 2.4547324895858766 0
1682073638152 2.454922819137573 0
1682073649400 2.455448532104492 0
1682073660648 2.449454641342163 0
1682073671801 2.442216324806213 0
1682073682890 2.4591551303863524 0
1682073694077 2.44874746799469 0
1682073705230 2.453326630592346 0
1682073716313 2.4417122840881347 0
1682073727377 2.444742727279663 0
1682073738454 2.447357702255249 0
1682073749744 2.4432264089584352 0
1682073761031 2.4398137092590333 0
1682073772292 2.4410977363586426 0
1682073783464 2.4369392156600953 0
1682073794675 2.4419028043746946 0
1682073805827 2.4314824104309083 0
1682073816938 2.4305890083312987 0
1682073828434 2.43245415687561 0
1682073839628 2.4358039617538454 0
1682073850864 2.4303183794021606 0
1682073862842 2.419886088371277 0
1682073874602 2.4319811344146727 0
1682073886101 2.414647126197815 0
1682073898558 2.425369691848755 0
1682073910236 2.41740345954895 0
1682073921714 2.4097461462020875 0
1682073933171 2.40556480884552 0
1682073944616 2.416389226913452 0
1682073956080 2.411496067047119 0
1682073967582 2.408039665222168 0
1682073978847 2.4094454050064087 0
1682073990003 2.404525303840637 0
1682074001136 2.39973406791687 0
1682074012093 2.4035819292068483 0
1682074023244 2.3899142265319826 0
1682074034398 2.3883432149887085 0
1682074045466 2.4004498958587646 0
1682074056483 2.388205647468567 0
1682074067979 2.39159414768219 0
1682074156929 2.3926226139068603 0
1682074168244 2.3851993083953857 0
1682074180289 2.381902885437012 0
1682074191201 2.3823148727416994 0
1682074202422 2.3808890104293825 0
1682074214740 2.376446843147278 0
1682074226072 2.3683817625045775 0
1682074238251 2.3805893898010253 0
1682074255333 2.3591974496841432 0
1682074270459 2.356554865837097 0
1682074286045 2.359140229225159 0
1682074298212 2.367325711250305 0
1682074319698 2.365619659423828 0
1682074335970 2.355625557899475 0
1682074348490 2.361137270927429 0
1682074360082 2.3502259254455566 0
1682074371342 2.3488920450210573 0
1682074382524 2.3561628580093386 0
1682074394054 2.3494191408157348 0
1682074406194 2.351067543029785 0
1682074417928 2.3488901138305662 0
1682074429480 2.3437593460083006 0
1682074441055 2.344301962852478 0
1682074452681 2.345148229598999 0
1682074465262 2.3383867263793947 0
1682074476895 2.337167191505432 0
1682074490599 2.3354950189590453 0
1682074502278 2.3388468503952025 0
1682074514351 2.3291549682617188 0
1682074526122 2.327202010154724 0
1682074537882 2.331467318534851 0
1682074549395 2.3312301874160766 0
1682074560866 2.3237722158432006 0
1682074573121 2.3135265588760374 0
1682074584772 2.3284175395965576 0
1682074596546 2.315703821182251 0
1682074608037 2.318513369560242 0
1682074619684 2.3208287715911866 0
1682074631134 2.3180598974227906 0
1682074642661 2.309789705276489 0
1682074654183 2.312483549118042 0
1682074665927 2.317725729942322 0
1682074677441 2.309310269355774 0
1682074689007 2.308151292800903 0
1682074700561 2.302983260154724 0
1682074712043 2.3069531202316282 0
1682074723524 2.300154948234558 0
1682074735722 2.302512764930725 0
1682074747379 2.2978919982910155 0
1682074758877 2.3098630905151367 0
1682074770400 2.296166014671326 0
1682074782017 2.29771466255188 0
1682074793601 2.301267170906067 0
1682074805285 2.299949812889099 0
1682074816887 2.2848909378051756 0
1682074828427 2.2978025913238525 0
1682074839994 2.3021140098571777 0
1682074851548 2.294486927986145 0
1682074863099 2.280092787742615 0
1682074874698 2.2812965631484987 0
1682074886482 2.2863365650177 0
1682074898166 2.2838072299957277 0
1682074909758 2.2861064434051515 0
1682074921351 2.2796894788742064 0
1682074932859 2.2850587368011475 0
1682074944434 2.2780752897262575 0
1682074956101 2.2802157640457152 0
1682074967598 2.2756927490234373 0
1682074979138 2.280870056152344 0
1682074990628 2.2753394842147827 0
1682075002324 2.279628944396973 0
1682075013926 2.267621564865112 0
1682075025906 2.273633623123169 0
1682075037440 2.2672926664352415 0
1682075048963 2.2716063022613526 0
1682075060500 2.2663188219070434 0
1682075072014 2.2706422090530394 0
1682075083542 2.271370697021484 0
1682075095414 2.259672975540161 0
1682075107083 2.2731250762939452 0
1682075118536 2.260113072395325 0
1682075130043 2.2538506984710693 0
1682075141566 2.259031081199646 0
1682075153082 2.253544878959656 0
1682075164569 2.2603471517562865 0
1682075175799 2.2562488317489624 0
1682075186892 2.2443352222442625 0
1682075199000 2.251952958106995 0
1682075210806 2.257145619392395 0
1682075222360 2.2472919702529905 0
1682075233917 2.258154034614563 0
1682075245664 2.2438111305236816 0
1682075257426 2.257244515419006 0
1682075268971 2.2491453886032104 0
1682075280543 2.2452335596084594 0
1682075292275 2.2346264123916626 0
1682075303885 2.231343412399292 0
1682075315770 2.244108510017395 0
1682075327454 2.2509286403656006 0
1682075339358 2.249366545677185 0
1682075350941 2.2356972694396973 0
1682075365002 2.2328629732131957 0
1682075381487 2.2389319896698 0
1682075394447 2.2375990390777587 0
1682075406497 2.225592565536499 0
1682075421286 2.240790772438049 0
1682075438346 2.234185528755188 0
1682075452640 2.2274417638778687 0
1682075463742 2.226597309112549 0
1682075474958 2.234382700920105 0
1682075486189 2.2371742486953736 0
1682075498160 2.2263166666030885 0
1682075510452 2.22384774684906 0
1682075521994 2.2316928148269652 0
1682075534329 2.2226765632629393 0
1682075546659 2.2301198720932005 0
1682075560208 2.214990758895874 0
1682075572271 2.2165504455566407 0
1682075583977 2.2106291532516478 0
1682075595737 2.214233660697937 0
1682075607736 2.2144814491271974 0
1682075619341 2.22025842666626 0
1682075630814 2.212034010887146 0
1682075643099 2.2072540044784548 0
1682075654557 2.213314175605774 0
1682075666760 2.212467646598816 0
1682075678871 2.2055020570755004 0
1682075690396 2.213115096092224 0
1682075702026 2.215921187400818 0
1682075713806 2.2118874073028563 0
1682075725477 2.207218337059021 0
1682075737283 2.196833372116089 0
1682075748894 2.207491946220398 0
1682075760450 2.2032535791397097 0
1682075772126 2.195988726615906 0
1682075783764 2.204395866394043 0
1682075795462 2.198531222343445 0
1682075807262 2.1922643184661865 0
1682075818978 2.203618049621582 0
1682075830614 2.190366005897522 0
1682075842335 2.1973124980926513 0
1682075853973 2.191732621192932 0
1682075866550 2.1951897382736205 0
1682075878352 2.2001429557800294 0
1682075891305 2.195605969429016 0
1682075908610 2.198925828933716 0
1682075925362 2.186926078796387 0
1682075940745 2.202051115036011 0
1682075952214 2.1982569694519043 0
1682075964146 2.186862325668335 0
1682075975754 2.1869625806808473 0
1682075987287 2.187496614456177 0
1682075999085 2.1967416286468504 0
1682076010584 2.191402244567871 0
1682076022109 2.183449697494507 0
1682076033530 2.1904177904129027 0
1682076045177 2.1786960124969483 0
1682076056775 2.1880361795425416 0
1682076068520 2.1755608558654784 0
1682076080167 2.17475049495697 0
1682076091824 2.17444703578949 0
1682076103021 2.171656274795532 0
1682076114716 2.182350826263428 0
1682076125832 2.1803873062133787 0
1682076137295 2.1673692941665648 0
1682076149066 2.1814562320709228 0
1682076160795 2.169009828567505 0
1682076172817 2.178905558586121 0
1682076184921 2.170330762863159 0
1682076196972 2.1667205572128294 0
1682076208631 2.159732699394226 0
1682076222121 2.1688931226730346 0
1682076233925 2.1748318672180176 0
1682076245618 2.168284797668457 0
1682076257125 2.1694485187530517 0
1682076268792 2.160702919960022 0
1682076280424 2.1638224840164186 0
1682076291996 2.1619405269622805 0
1682076303731 2.156150054931641 0
1682076315532 2.1673202514648438 0
1682076327023 2.1683985233306884 0
1682076338713 2.157473635673523 0
1682076350429 2.163153147697449 0
1682076361956 2.1541911125183106 0
1682076373597 2.157111573219299 0
1682076385216 2.1540423154830934 0
1682076396742 2.165373110771179 0
1682076411287 2.150278615951538 0
1682076423727 2.13900203704834 0
1682076436416 2.1450385808944703 0
1682076448991 2.1539281845092773 0
1682076464911 2.1444629669189452 0
1682076481284 2.1544990301132203 0
1682076495594 2.1541332960128785 0
1682076509911 2.145378065109253 0
1682076522766 2.1385655403137207 0
1682076534709 2.154535102844238 0
1682076547484 2.1507562160491944 0
1682076562841 2.139657402038574 0
1682076579274 2.1522156476974486 0
1682076592332 2.149782729148865 0
1682076605495 2.149487328529358 0
1682076619030 2.1448646068572996 0
1682076632793 2.144639015197754 0
1682076645873 2.1381751537322997 0
1682076658919 2.1531176805496215 0
1682076672261 2.1401676893234254 0
1682076685332 2.1438455104827883 0
1682076698426 2.1348575592041015 0
1682076711638 2.141690182685852 0
1682076724465 2.1395744562149046 0
1682076737436 2.143639254570007 0
1682076750655 2.1284862995147704 0
1682076763768 2.1332597732543945 0
1682076776458 2.1292057037353516 0
1682076789417 2.134077000617981 0
1682076803043 2.129874897003174 0
1682076815544 2.1341987371444704 0
1682076829780 2.1271250009536744 0
1682076843002 2.147192621231079 0
1682076856007 2.1317737340927123 0
1682076869381 2.126490616798401 0
1682076882664 2.120926833152771 0
1682076896102 2.118621277809143 0
1682076911186 2.1337963104248048 0
1682076926196 2.1179311513900756 0
1682076940923 2.121993398666382 0
1682076956640 2.124989318847656 0
1682076969899 2.1246134996414185 0
1682076983510 2.1100759744644164 0
1682076996702 2.1227680444717407 0
1682077012096 2.120767831802368 0
1682077025426 2.121855545043945 0
1682077039823 2.111809730529785 0
1682077053125 2.1154230356216432 0
1682077066178 2.1024038791656494 0
1682077079096 2.113355278968811 0
1682077092329 2.110934591293335 0
1682077104984 2.0996745824813843 0
1682077117929 2.1121474742889403 0
1682077130285 2.113579773902893 0
1682077142019 2.108144760131836 0
1682077158567 2.105410599708557 0
1682077173515 2.119435691833496 0
1682077186576 2.113080549240112 0
1682077199394 2.0985156059265138 0
1682077211498 2.105060410499573 0
1682077223391 2.1082549571990965 0
1682077235282 2.117131209373474 0
1682077247036 2.1161065816879274 0
1682077259105 2.104021143913269 0
1682077270972 2.0985522270202637 0
1682077282816 2.0993916511535646 0
1682077294528 2.0960705995559694 0
1682077306298 2.100844979286194 0
1682077318098 2.109033727645874 0
1682077329881 2.09293954372406 0
1682077341892 2.115512228012085 0
1682077353663 2.087133550643921 0
1682077365401 2.093998599052429 0
1682077377191 2.094599795341492 0
1682077388972 2.0945992708206176 0
1682077400975 2.1009648561477663 0
1682077412779 2.10747172832489 0
1682077424670 2.0899924278259276 0
1682077439440 2.0940823793411254 0
1682077453569 2.0911782503128054 0
1682077465444 2.0943430185317995 0
1682077477216 2.1031221628189085 0
1682077490906 2.096280097961426 0
1682077503370 2.080802154541016 0
1682077518874 2.0828125953674315 0
1682077530544 2.09845654964447 0
1682077542331 2.0668183088302614 0
1682077554154 2.1009915113449096 0
1682077566389 2.0915233373641966 0
1682077578068 2.081578803062439 0
1682077589848 2.089060139656067 0
1682077601672 2.0765920639038087 0
1682077613251 2.0848201513290405 0
1682077624749 2.0796971559524535 0
1682077636208 2.0758443593978884 0
1682077647739 2.074449372291565 0
1682077659357 2.070904517173767 0
1682077670896 2.082017660140991 0
1682077682495 2.078097200393677 0
1682077694241 2.0649252414703367 0
1682077705890 2.066848969459534 0
1682077717382 2.0734219789505004 0
1682077731175 2.076553130149841 0
1682077745943 2.0799745321273804 0
1682077759186 2.084873390197754 0
1682077772617 2.0692859411239626 0
1682077785200 2.0817668199539185 0
1682077796736 2.0652740955352784 0
1682077809537 2.067837929725647 0
1682077825202 2.0670438528060915 0
1682077838183 2.0694716215133666 0
1682077850814 2.071325898170471 0
1682077868661 2.064099907875061 0
1682077881421 2.0652612924575804 0
1682077894161 2.0605247974395753 0
1682077911454 2.064386773109436 0
1682077926031 2.0743065595626833 0
1682077937796 2.0624084949493406 0
1682077951161 2.0627381801605225 0
1682077964766 2.055268168449402 0
1682077976492 2.062766122817993 0
1682077988126 2.051124358177185 0
1682078000094 2.0638988733291628 0
1682078011893 2.0454291105270386 0
1682078023756 2.0474368572235107 0
1682078036357 2.0580301523208617 0
1682078050470 2.0423589944839478 0
1682078063338 2.0530577898025513 0
1682078075559 2.060560393333435 0
1682078088954 2.049690055847168 0
1682078103186 2.059800934791565 0
1682078116868 2.0380979061126707 0
1682078130849 2.0560762166976927 0
1682078143744 2.0496821761131288 0
1682078160395 2.0460758447647094 0
1682079325489 2.050358033180237 0
1682079645810 2.0489477634429933 0
1682079665771 2.0416306018829347 0
1682079684247 2.046630120277405 0
1682079697639 2.044781446456909 0
1682079710987 2.0420788764953612 0
1682079724541 2.0399176597595217 0
1682079738315 2.059475040435791 0
1682079751940 2.043424201011658 0
1682079764591 2.05300509929657 0
1682079778003 2.048987698554993 0
1682079795047 2.0380902528762816 0
1682079813972 2.041924333572388 0
1682079829659 2.0381367921829225 0
1682079845579 2.036272883415222 0
1682079860055 2.0510513544082642 0
1682079873513 2.0325475215911863 0
1682079887296 2.0467865467071533 0
1682079900803 2.046976923942566 0
1682079914445 2.0298924684524535 0
1682079928674 2.030745267868042 0
1682079941002 2.038060688972473 0
1682079953243 2.0428781509399414 0
1682079966449 2.0167848944664 0
1682079982216 2.018660235404968 0
1682079998651 2.0309826374053954 0
1682080013105 2.0301233768463134 0
1682080025807 2.0294016361236573 0
1682080040815 2.03027206659317 0
1682080055377 2.0277777671813966 0
1682080068130 2.0247846364974977 0
1682080082734 2.0231829404830934 0
1682080097567 2.0321431159973145 0
1682080110559 2.0289077401161193 0
1682080122733 2.017708897590637 0
1682080135106 2.0196184635162355 0
1682080147293 2.0273163080215455 0
1682080159434 2.0310490131378174 0
1682080171788 2.025512230396271 0
1682080183998 2.0145628452301025 0
1682080196405 2.03338702917099 0
1682080209319 2.0245178580284118 0
1682080221740 2.018635630607605 0
1682080233858 2.017599940299988 0
1682080248812 2.01907160282135 0
1682080261390 2.0181496858596804 0
1682080274452 2.018372368812561 0
1682080287562 2.0118626594543456 0
1682080300045 2.025502955913544 0
1682080316540 2.0127527594566343 0
1682080330585 2.008108842372894 0
1682080345431 2.006576359272003 0
1682080359851 2.01347678899765 0
1682080372755 2.011344003677368 0
1682080385645 2.016877806186676 0
1682080397709 2.024435245990753 0
1682080409854 2.0062390208244323 0
1682080422811 2.0052993297576904 0
1682080436277 2.0159705519676208 0
1682080448772 2.0087345242500305 0
1682080463137 2.0044500112533568 0
1682080479954 1.992742919921875 0
1682080494166 2.0042379260063172 0
1682080508327 1.9989184021949769 0
1682080522198 2.000637471675873 0
1682080536611 2.0001951456069946 0
1682080550746 2.004059076309204 0
1682080563866 2.001990044116974 0
1682080578217 1.9982033610343932 0
1682080591977 1.9962900400161743 0
1682080605172 2.001583659648895 0
1682080618294 1.989170491695404 0
1682080631310 1.9930091381072998 0
1682080644418 1.99550518989563 0
1682080657549 2.0023979783058166 0
1682080670519 2.0030456662178038 0
1682080683719 1.9893550515174865 0
1682080696964 1.9923844695091248 0
1682080710557 1.9968507170677186 0
1682080724548 1.9953019618988037 0
1682080737569 1.9939773559570313 0
1682080750629 2.002799892425537 0
1682080763921 1.9907562136650085 0
1682080777151 1.9903927087783813 0
1682080789645 1.9976969361305237 0
1682080801034 1.9975444793701171 0
1682080812636 1.976252031326294 0
1682080823964 1.9839221715927124 0
1682080837801 1.9811144709587096 0
1682080850898 1.9860424160957337 0
1682080864240 1.9967162132263183 0
1682080877405 1.9771232604980469 0
1682080890461 1.9863430261611938 0
1682080903768 1.9871110439300537 0
1682080916787 1.9874430656433106 0
1682080929868 1.9801421999931335 0
1682080943085 1.9833853125572205 0
1682080956172 1.9765851020812988 0
1682080968183 1.9882142424583436 0
1682080979378 1.9902854084968566 0
1682080990639 1.9994144320487977 0
1682081002030 1.981735932826996 0
1682081013619 1.9762489438056945 0
1682081024754 1.969427752494812 0
1682081035967 1.9738575339317321 0
1682081047255 1.9956157088279725 0
1682081058415 1.984046423435211 0
1682081069719 1.9745534420013429 0
1682081081093 1.9703546643257142 0
1682081092286 1.9670053958892821 0
1682081103563 1.973915457725525 0
1682081115252 1.9707120776176452 0
1682081126562 1.9727615237236023 0
1682081137899 1.97969092130661 0
1682081149132 1.9683507204055786 0
1682081160453 1.98467857837677 0
1682081171807 1.96827734708786 0
1682081183219 1.96800194978714 0
1682081194698 1.9790241360664367 0
1682081209711 1.9717182993888855 0
1682081225265 1.971286952495575 0
1682081238483 1.9771188139915465 0
1682081249642 1.971918773651123 0
1682081262062 1.9776368260383606 0
1682081275315 1.9636076807975769 0
1682081288329 1.9594240665435791 0
1682081301312 1.9524245142936707 0
1682081314517 1.9699479937553406 0
1682081327544 1.9690668344497682 0
1682081340543 1.9677584290504455 0
1682081353757 1.9672858357429504 0
1682081366760 1.9593196511268616 0
1682081381298 1.9632968306541443 0
1682081393110 1.9641324400901794 0
1682081404811 1.9688418984413147 0
1682081416436 1.9582970499992371 0
1682081427975 1.955146884918213 0
1682081439626 1.963713812828064 0
1682081451495 1.9531026601791381 0
1682081463879 1.9665354013442993 0
1682081477501 1.9643224477767944 0
1682081490218 1.949564480781555 0
1682081501698 1.9481067299842834 0
1682081515569 1.9544436931610107 0
1682081528366 1.961310660839081 0
1682081540905 1.9611721634864807 0
1682081553841 1.9634585499763488 0
1682081566629 1.9617186665534974 0
1682081579541 1.9604267239570619 0
1682081591197 1.9572612047195435 0
1682081603863 1.9596035599708557 0
1682081619246 1.9483611345291139 0
1682081631803 1.9433528661727906 0
1682081644580 1.9484594821929933 0
1682081656029 1.9537803530693054 0
1682081669743 1.956009578704834 0
1682081687415 1.955894672870636 0
1682081699143 1.951001489162445 0
1682081710421 1.9504272103309632 0
1682081721801 1.952119195461273 0
1682081733786 1.9481388092041017 0
1682081747877 1.9549517273902892 0
1682081759932 1.9334111571311952 0
1682081772387 1.9480761528015136 0
1682081788450 1.948676586151123 0
1682081803303 1.948595976829529 0
1682081818154 1.954728901386261 0
1682081830706 1.946178710460663 0
1682081842299 1.9490971088409423 0
1682081856912 1.9541109919548034 0
1682081868976 1.9469318628311156 0
1682081881133 1.94364173412323 0
1682081894209 1.934600293636322 0
1682081907740 1.9500394701957702 0
1682081922365 1.9494211792945861 0
1682081934492 1.9427248954772949 0
1682081947430 1.9453614592552184 0
1682081960038 1.9400277018547059 0
1682081971912 1.950693929195404 0
1682081987270 1.948546838760376 0
1682082002091 1.9352706670761108 0
1682082026108 1.9264186024665833 0
1682082052298 1.9440986871719361 0
1682082075684 1.9405206322669983 0
1682082099152 1.9356154203414917 0
1682082122925 1.928563404083252 0
1682082147071 1.9447212934494018 0
1682082170352 1.937981164455414 0
1682082190680 1.9407580614089965 0
1682082209961 1.939341175556183 0
1682082221909 1.9427236795425415 0
1682082233911 1.944702696800232 0
1682082336523 1.9273716330528259 0
1682084261379 1.9327220678329469 0
1682084906474 1.9262966156005858 0
1682085877497 1.9346400856971742 0
1682085888751 1.9329742074012757 0
1682085901181 1.9235839605331422 0
1682085913557 1.9400356769561768 0
1682085927173 1.919853138923645 0
1682085938354 1.9298319220542908 0
1682085949690 1.9258509874343872 0
1682085960778 1.9302326321601868 0
1682085971864 1.92226881980896 0
1682085982919 1.9354953527450562 0
1682085994108 1.9310883402824401 0
1682086005325 1.9347528576850892 0
1682086016408 1.9199779272079467 0
1682086027596 1.9274349808692932 0
1682086038695 1.9281670808792115 0
1682086049827 1.9273199200630189 0
1682086061714 1.9206916093826294 0
1682086072806 1.928383719921112 0
1682086083852 1.9210371375083923 0
1682086094978 1.9253475785255432 0
1682086106076 1.9324279069900512 0
1682086117759 1.926639437675476 0
1682086128885 1.9242032170295715 0
1682086140507 1.9181986808776856 0
1682086152078 1.9208695411682128 0
1682086163128 1.9228888988494872 0
1682086174315 1.9276540637016297 0
1682086185462 1.9213352918624877 0
1682086196587 1.9214332222938537 0
1682086207933 1.9214768767356873 0
1682086219082 1.9093043446540832 0
1682086230254 1.913983201980591 0
1682086241343 1.9215659618377685 0
1682086252384 1.9191754817962647 0
1682086263468 1.9160667300224303 0
1682086274584 1.9097157955169677 0
1682086285715 1.906041431427002 0
1682086296789 1.917244029045105 0
1682086307943 1.9099254965782166 0
1682086319123 1.917118239402771 0
1682086330207 1.9066123008728026 0
1682086341423 1.9191717147827148 0
1682086353981 1.9185447216033935 0
1682086365521 1.9107649683952332 0
1682086377042 1.9105024456977844 0
1682086390856 1.9106457352638244 0
1682086403114 1.9197885394096375 0
1682086415132 1.923598337173462 0
1682086428495 1.9036988139152526 0
1682086441901 1.908495557308197 0
1682086454092 1.9159430861473083 0
1682086465605 1.9104785680770875 0
1682086477090 1.9012558460235596 0
1682086489184 1.8892217516899108 0
1682086501374 1.9035032272338868 0
1682086514612 1.913466989994049 0
1682086527837 1.9015203833580017 0
1682086542967 1.90803120136261 0
1682086557711 1.9121026277542115 0
1682086571181 1.9196784615516662 0
1682086583670 1.9013511300086976 0
1682086597235 1.9134324550628663 0
1682086611555 1.9034486055374145 0
1682086626064 1.9040217638015746 0
1682086640784 1.905375027656555 0
1682086653161 1.9047088980674745 0
1682086664264 1.9041653633117677 0
1682086675449 1.8974035859107972 0
1682086686580 1.908203125 0
1682086697624 1.8991379380226134 0
1682086709992 1.9035223364830016 0
1682086721541 1.9001126289367676 0
1682086733081 1.898542320728302 0
1682086745600 1.896274161338806 0
1682086757219 1.9008299827575683 0
1682086772073 1.90166996717453 0
1682086786388 1.9014317512512207 0
1682086798224 1.8971730709075927 0
1682086810431 1.896153724193573 0
1682086822293 1.8969526410102844 0
1682086834147 1.8968533754348755 0
1682086846008 1.9004646420478821 0
1682086857819 1.9006555199623107 0
1682086869828 1.89850971698761 0
1682086881542 1.8983051776885986 0
1682086893417 1.8940346717834473 0
1682086905245 1.8880174160003662 0
1682086916478 1.9079336166381835 0
1682086927405 1.8966670513153077 0
1682086938440 1.8884432435035705 0
1682086949674 1.8915444970130921 0
1682086960929 1.9009485721588135 0
1682086971932 1.8959556579589845 0
1682086983001 1.8890272498130798 0
1682086994008 1.8912755846977234 0
1682087005012 1.8823790550231934 0
1682087016133 1.8949998021125793 0
1682087028344 1.8922657251358033 0
1682087041081 1.8853831171989441 0
1682087052856 1.8837680220603943 0
1682087064603 1.873958420753479 0
1682087076394 1.8975820779800414 0
1682087088220 1.8890901803970337 0
1682087100148 1.8845092415809632 0
1682087111897 1.8735281109809876 0
1682087123789 1.898068940639496 0
1682087135586 1.8872918486595154 0
1682087147421 1.8759326338768005 0
1682087159313 1.8848663091659545 0
1682087171190 1.8729491710662842 0
1682087185163 1.8987885117530823 0
1682087197483 1.8791289806365967 0
1682087209392 1.8816816091537476 0
1682087221043 1.8854489922523499 0
1682087232337 1.8821048378944396 0
1682087243961 1.8880122542381286 0
1682087255297 1.8733617186546325 0
1682087266646 1.8804135203361512 0
1682087277940 1.8786088347434997 0
1682087289323 1.870927906036377 0
1682087301194 1.881775724887848 0
1682087312492 1.8836807608604431 0
1682087323720 1.8735207319259644 0
1682087334955 1.8813492894172668 0
1682087346412 1.8669273734092713 0
1682087357713 1.8789812088012696 0
1682087369054 1.8800935626029969 0
1682087380614 1.8732685804367066 0
1682087391849 1.8779091596603394 0
1682087403147 1.8720066547393799 0
1682087414397 1.872180986404419 0
1682087425745 1.8748806715011597 0
1682087437037 1.8840597867965698 0
1682087448327 1.874522042274475 0
1682087459686 1.8633235812187194 0
1682087471063 1.8824939608573914 0
1682087482334 1.8749101877212524 0
1682087493750 1.866978895664215 0
1682087505058 1.8712260484695435 0
1682087516323 1.8676329612731934 0
1682087527665 1.8814692735671996 0
1682087539124 1.879779577255249 0
1682087553612 1.8783546924591064 0
1682087567543 1.8810717344284058 0
1682087579339 1.8720225930213927 0
1682087591508 1.8689669132232667 0
1682087603582 1.863131308555603 0
1682087615485 1.8753148198127747 0
1682087628252 1.865962016582489 0
1682087640154 1.863300621509552 0
1682087652078 1.8694592356681823 0
1682087663841 1.8706724643707275 0
1682087675589 1.8645790576934815 0
1682087687556 1.8707878470420838 0
1682087699382 1.8655655264854432 0
1682087711599 1.8697198510169983 0
1682087724315 1.8594851851463319 0
1682087735971 1.8671037793159484 0
1682087747261 1.872240459918976 0
1682087758740 1.8728112936019898 0
1682087769864 1.869044053554535 0
1682087781075 1.871261978149414 0
1682087792280 1.8673486471176148 0
1682087803383 1.864064109325409 0
1682087814403 1.859295403957367 0
1682087825467 1.8681462764739991 0
1682087836730 1.8671695470809937 0
1682087847887 1.8477965950965882 0
1682087858968 1.862258243560791 0
1682087870189 1.8734388947486877 0
1682087881582 1.8685600519180299 0
1682087892694 1.8715922594070435 0
1682087903844 1.874084186553955 0
1682087915501 1.8579365253448485 0
1682087926669 1.8525063157081605 0
1682087937688 1.8596425533294678 0
1682087948891 1.8625412583351135 0
1682087959982 1.8528359174728393 0
1682087971271 1.8532245635986329 0
1682087982405 1.8509779572486877 0
1682087993585 1.8496825218200683 0
1682088005777 1.8493677973747253 0
1682088018711 1.8655839681625366 0
1682088031909 1.8461992383003234 0
1682088043637 1.8512799620628357 0
1682088060403 1.8458247661590577 0
1682088076996 1.8615641593933105 0
1682088090198 1.8518813133239747 0
1682088101697 1.8578240513801574 0
1682088116208 1.8496152758598328 0
1682088131106 1.856550896167755 0
1682088147680 1.8496222615242004 0
1682088163677 1.8540628671646118 0
1682088175159 1.8511015057563782 0
1682088186896 1.850993847846985 0
1682088198936 1.8565455555915833 0
1682088210379 1.8445690393447876 0
1682088221914 1.860620653629303 0
1682088233147 1.8602240800857544 0
1682088244146 1.8528915524482727 0
1682088255164 1.8593917489051819 0
1682088527356 1.8483763933181763 0
1682089530316 1.849554753303528 0
1682090381605 1.8573506116867065 0
1682090748809 1.8443923354148866 0
1682092741743 1.853082251548767 0
1682094646289 1.857899284362793 0
1682096604617 1.841696834564209 0
1682097984992 1.8533186197280884 0
1682098005071 1.8473539471626281 0
1682098018228 1.856595230102539 0
1682098030986 1.857568049430847 0
1682098045362 1.856571650505066 0
1682098059089 1.845363700389862 0
1682098070988 1.8497305035591125 0
1682098082789 1.8452126264572144 0
1682098094303 1.849656629562378 0
1682098107687 1.8468801140785218 0
1682098121489 1.8491562008857727 0
1682098134774 1.855007815361023 0
1682098146724 1.843935787677765 0
1682098160165 1.8570440053939818 0
1682098172970 1.8421833753585815 0
1682098185581 1.8525123476982117 0
1682098200172 1.8531275987625122 0
1682098215418 1.853269338607788 0
1682098227626 1.8389574050903321 0
1682098239627 1.8441398739814758 0
1682098250969 1.8317154884338378 0
1682098262109 1.8394222378730773 0
1682098273265 1.8438245892524718 0
1682098286245 1.8418854236602784 0
1682098302022 1.8400211930274963 0
1682098315000 1.8602421283721924 0
1682098326508 1.8397804975509644 0
1682098337977 1.8355596661567688 0
1682098350995 1.8342216968536378 0
1682098362030 1.8361878633499145 0
1682098373064 1.8398815274238587 0
1682098384126 1.8509165406227113 0
1682098395050 1.8422721862792968 0
1682098405992 1.835948097705841 0
1682098416954 1.8336769342422485 0
1682098428154 1.8313784837722777 0
1682098440502 1.8321435451507568 0
1682098455745 1.8376535654067994 0
1682098470392 1.8339781403541564 0
1682098482684 1.8479726552963256 0
1682098494116 1.8323455333709717 0
1682098506334 1.8394499182701112 0
1682098518545 1.8363891243934631 0
1682098530422 1.8330578684806824 0
1682098541437 1.8367494225502015 0
1682098553347 1.8359196424484252 0
1682098564435 1.8364157319068908 0
1682098575629 1.8414575219154359 0
1682098587803 1.8407511949539184 0
1682098599533 1.8351336479187013 0
1682098611117 1.8340222835540771 0
1682098623167 1.831264042854309 0
1682098636505 1.8342042922973634 0
1682098649052 1.8339788794517518 0
1682098661223 1.8306066393852234 0
1682098673326 1.8246872425079346 0
1682098685518 1.8396462559700013 0
1682098697422 1.8293503284454347 0
1682098710265 1.8311184883117675 0
1682098721479 1.8303832411766052 0
1682098732609 1.8328474164009094 0
1682098743623 1.8428698301315307 0
1682098754682 1.8332544326782227 0
1682098765683 1.8302282214164733 0
1682098776660 1.8275460839271545 0
1682098787752 1.827841567993164 0
1682098798952 1.8257372736930848 0
1682098810322 1.8389576196670532 0
1682098821888 1.8324595928192138 0
1682098833216 1.83831285238266 0
1682098844999 1.8232059001922607 0
1682098857196 1.8297555327415467 0
1682098869071 1.8367512226104736 0
1682098881694 1.8384014010429381 0
1682098892853 1.8332019925117493 0
1682098905768 1.8212246656417848 0
1682098917168 1.816776990890503 0
1682098928671 1.8351283550262452 0
1682098941180 1.8302292346954345 0
1682098953184 1.8307186245918274 0
1682098964862 1.8296789050102233 0
1682098976154 1.834531009197235 0
1682098987416 1.8250250339508056 0
1682098998959 1.833667254447937 0
1682099010463 1.8306254982948302 0
1682099021862 1.8326870322227478 0
1682099033687 1.8265198349952698 0
1682099045640 1.8386225342750548 0
1682099057333 1.8277283191680909 0
1682099068439 1.8406160116195678 0
1682099079512 1.82904109954834 0
1682099091380 1.8282535672187805 0
1682099103382 1.8205433249473573 0
1682099115732 1.8229316473007202 0
1682099127711 1.8187339305877686 0
1682099138970 1.8221485018730164 0
1682099150675 1.829658043384552 0
1682099162159 1.8219934582710267 0
1682099174363 1.824001181125641 0
1682099186799 1.812690055370331 0
1682099198038 1.833991575241089 0
1682099209551 1.8212161302566527 0
1682099220852 1.8167730212211608 0
1682099231929 1.8294890880584718 0
1682099243264 1.8218987226486205 0
1682099254375 1.825316321849823 0
1682099265503 1.8149176597595216 0
1682099276692 1.8289069414138794 0
1682099287828 1.8225216388702392 0
1682099299590 1.818321907520294 0
1682099311319 1.8246294975280761 0
1682099322402 1.8063578248023986 0
1682099333454 1.815098798274994 0
1682099345559 1.8237962961196899 0
1682099360417 1.8152674555778503 0
1682099371671 1.8228186964988708 0
1682099383797 1.8176019072532654 0
1682099395727 1.8164522409439088 0
1682099406930 1.8098466753959657 0
1682099419045 1.8242932915687562 0
1682099431588 1.8129083275794984 0
1682099443911 1.805752193927765 0
1682099455004 1.8177555561065675 0
1682099466235 1.8178164482116699 0
1682099477605 1.8133735179901123 0
1682099489330 1.8200557470321654 0
1682099500576 1.8184768080711364 0
1682099517420 1.8107818841934205 0
1682099532732 1.8229604840278626 0
1682099548727 1.8195239067077638 0
1682099562991 1.8258949875831605 0
1682099580618 1.8148523092269897 0
