1682064535489 4.343832015991211 0
1682064536050 4.194354152679443 0
1682064536594 4.004734349250794 0
1682064537134 3.762316870689392 0
1682064537678 3.5468435287475586 0
1682064538220 3.423928904533386 0
1682064538762 3.323847460746765 0
1682064539355 3.2630041599273683 0
1682064540229 3.2046817779541015 0
1682064541041 3.137605810165405 0
1682064541599 3.1004727602005007 0
1682064542231 3.057279944419861 0
1682064542950 3.0251142740249635 0
1682064543673 2.9780821323394777 0
1682064544258 2.950118398666382 0
1682064544815 2.927436113357544 0
1682064545401 2.904250884056091 0
1682064545963 2.8895483016967773 0
1682064546523 2.8622196197509764 0
1682064547102 2.8655891895294188 0
1682064547667 2.8418071031570435 0
1682064548240 2.828936743736267 0
1682064548829 2.8195787906646728 0
1682064549416 2.808854365348816 0
1682064549975 2.7955127000808715 0
1682064550552 2.7986262798309327 0
1682064551113 2.7808903217315675 0
1682064551675 2.77396023273468 0
1682064552236 2.7591053009033204 0
1682064552887 2.759804368019104 0
1682064553568 2.747123098373413 0
1682064554153 2.749929094314575 0
1682064554716 2.7402709484100343 0
1682064555383 2.7341680765151977 0
1682064555945 2.7215677976608275 0
1682064556501 2.718838596343994 0
1682064557142 2.710263800621033 0
1682064557702 2.7043007373809815 0
1682064558261 2.7011714696884157 0
1682064558847 2.7045641899108888 0
1682064559414 2.6893832683563232 0
1682064559984 2.6973775148391725 0
1682064560576 2.698445224761963 0
1682064561236 2.689815044403076 0
1682064561865 2.680911421775818 0
1682064562431 2.6844829082489015 0
1682064563120 2.677430534362793 0
1682064563803 2.674551773071289 0
1682064564408 2.670594573020935 0
1682064564972 2.6721293449401857 0
1682064565550 2.665067505836487 0
1682064566132 2.6640206575393677 0
1682064566737 2.658790349960327 0
1682064567339 2.662439465522766 0
1682064567901 2.649241304397583 0
1682064568495 2.6483653783798218 0
1682064569055 2.6470356941223145 0
1682064569637 2.6540428400039673 0
1682064570239 2.6541329860687255 0
1682064570815 2.6488340377807615 0
1682064571384 2.6321462869644163 0
1682064571956 2.641468644142151 0
1682064572563 2.638350820541382 0
1682064573270 2.6371774911880492 0
1682064573915 2.6339262247085573 0
1682064574530 2.6287795543670653 0
1682064575161 2.641281175613403 0
1682064575751 2.636464071273804 0
1682064576320 2.6313151836395265 0
1682064576887 2.609035682678223 0
1682064577472 2.625393009185791 0
1682064578057 2.6166903495788576 0
1682064578630 2.6182189702987673 0
1682064579215 2.611892294883728 0
1682064579802 2.617277193069458 0
1682064580378 2.625701403617859 0
1682064580950 2.617780303955078 0
1682064581532 2.6147919416427614 0
1682064582143 2.6192567348480225 0
1682064582791 2.6098933696746824 0
1682064583482 2.597757339477539 0
1682064584084 2.601110553741455 0
1682064584653 2.601368713378906 0
1682064585249 2.6013480186462403 0
1682064585825 2.601783204078674 0
1682064586398 2.613263654708862 0
1682064586999 2.601532816886902 0
1682064587626 2.592177629470825 0
1682064588211 2.587087082862854 0
1682064588792 2.6035430669784545 0
1682064589375 2.5917709827423097 0
1682064589998 2.6086976528167725 0
1682064590575 2.5868441581726076 0
1682064591142 2.5895294189453124 0
1682064591724 2.583066463470459 0
1682064592303 2.5891147375106813 0
1682064592964 2.5930458545684814 0
1682064593653 2.584616208076477 0
1682064594233 2.5899651288986205 0
1682064594782 2.5913056135177612 0
1682064595352 2.586384105682373 0
1682064595904 2.5785433530807493 0
1682064596456 2.5929007530212402 0
1682064597012 2.5841281175613404 0
1682064597563 2.573719596862793 0
1682064598140 2.573717999458313 0
1682064598696 2.5705423831939695 0
1682064599240 2.5741945028305055 0
1682064599808 2.5679862260818482 0
1682064600375 2.575779175758362 0
1682064600925 2.5716640949249268 0
1682064601566 2.5744202613830565 0
1682064602135 2.5703445434570313 0
1682064602693 2.577670693397522 0
1682064603394 2.5714733839035033 0
1682064604013 2.566984248161316 0
1682064604771 2.557974600791931 0
1682064605401 2.5645582914352416 0
1682064606165 2.565472650527954 0
1682064606705 2.5684595823287966 0
1682064607265 2.5662169218063355 0
1682064608036 2.5649890899658203 0
1682064608692 2.5534202814102174 0
1682064609262 2.5594881534576417 0
1682064609814 2.5640810251235964 0
1682064610390 2.561927247047424 0
1682064610938 2.5552738428115847 0
1682064611478 2.5519109964370728 0
1682064612026 2.557602953910828 0
1682064612580 2.5486931800842285 0
1682064613312 2.5620721101760866 0
1682064613972 2.553257608413696 0
1682064614523 2.556205177307129 0
1682064615077 2.550063419342041 0
1682064615753 2.556313943862915 0
1682064616306 2.5491191148757935 0
1682064616853 2.5450945615768434 0
1682064617399 2.543383502960205 0
1682064617962 2.5568071365356446 0
1682064618517 2.5492921113967895 0
1682064619069 2.545259380340576 0
1682064619628 2.5410452604293825 0
1682064620202 2.549725127220154 0
1682064620788 2.5465564250946047 0
1682064621411 2.539638638496399 0
1682064621954 2.5351540803909303 0
1682064622551 2.5338966608047486 0
1682064623263 2.529787802696228 0
1682064623918 2.5329489946365356 0
1682064624464 2.543049120903015 0
1682064625023 2.534367084503174 0
1682064625607 2.5328737258911134 0
1682064626163 2.5360195875167846 0
1682064626717 2.533075046539307 0
1682064627272 2.531454348564148 0
1682064627837 2.5427138805389404 0
1682064628427 2.535090613365173 0
1682064628983 2.5307973623275757 0
1682064629538 2.5324464082717895 0
1682064630115 2.52826566696167 0
1682064630692 2.5259197473526003 0
1682064631233 2.524786853790283 0
1682064631789 2.5356714963912963 0
1682064632353 2.5120180368423464 0
1682064633051 2.5253220319747927 0
1682064633715 2.5341474771499635 0
1682064634273 2.526321053504944 0
1682064634816 2.5269612789154055 0
1682064635388 2.527561354637146 0
1682064635940 2.532704567909241 0
1682064636505 2.519282007217407 0
1682064637087 2.531578612327576 0
1682064637634 2.516958546638489 0
1682064638185 2.5160992622375487 0
1682064638738 2.525487470626831 0
1682064639306 2.515522909164429 0
1682064639862 2.5170095443725584 0
1682064640428 2.516488194465637 0
1682064640982 2.5202170848846435 0
1682064641522 2.507966470718384 0
1682064642076 2.5209039211273194 0
1682064642627 2.516057586669922 0
1682064643307 2.5100906133651733 0
1682064643939 2.5075623750686646 0
1682064644484 2.5139809608459474 0
1682064645136 2.512161374092102 0
1682064645705 2.5073155879974367 0
1682064646248 2.5177030324935914 0
1682064646802 2.512532138824463 0
1682064647357 2.519449496269226 0
1682064647909 2.501799702644348 0
1682064648468 2.5001132249832154 0
1682064649022 2.5022796869277952 0
1682064649570 2.5138147115707397 0
1682064650122 2.5104294538497927 0
1682064650688 2.5133151769638062 0
1682064651244 2.509747314453125 0
1682064651792 2.51332573890686 0
1682064652406 2.509110522270203 0
1682064653025 2.5153241634368895 0
1682064653695 2.502120852470398 0
1682064654254 2.5028790473937987 0
1682064654797 2.5108193874359133 0
1682064655360 2.5026437997817994 0
1682064655925 2.5047114849090577 0
1682064656485 2.5000274896621706 0
1682064657125 2.4955732822418213 0
1682064657665 2.501469850540161 0
1682064658226 2.4918285608291626 0
1682064658787 2.509980583190918 0
1682064659340 2.501282548904419 0
1682064659888 2.4974453926086424 0
1682064660457 2.500711989402771 0
1682064661022 2.492102122306824 0
1682064661563 2.4965380430221558 0
1682064662144 2.494205284118652 0
1682064662704 2.4838266611099242 0
1682064663392 2.489915466308594 0
1682064664010 2.489882159233093 0
1682064664555 2.503257417678833 0
1682064665193 2.4882436275482176 0
1682064665751 2.4960063695907593 0
1682064666297 2.4983970403671263 0
1682064666858 2.4848902225494385 0
1682064667428 2.49091432094574 0
1682064667975 2.4803151845932008 0
1682064668529 2.4860458374023438 0
1682064669079 2.4775524139404297 0
1682064669634 2.488442587852478 0
1682064670182 2.489346146583557 0
1682064670753 2.473977828025818 0
1682064671477 2.4762425422668457 0
1682064672027 2.474686598777771 0
1682064672551 2.476542091369629 0
1682064673179 2.475184369087219 0
1682064673789 2.4727163314819336 0
1682064674304 2.487938642501831 0
1682064674826 2.4773045778274536 0
1682064675350 2.4812949657440186 0
1682064675880 2.4734233140945436 0
1682064676404 2.484617805480957 0
1682064676971 2.4717504262924193 0
1682064677945 2.4730844736099242 0
1682064678536 2.4703196048736573 0
1682064679075 2.4688626289367677 0
1682064679626 2.4635785579681397 0
1682064680196 2.4746575355529785 0
1682064680813 2.476502275466919 0
1682064681459 2.471301221847534 0
1682064681982 2.469760370254517 0
1682064682522 2.4660733222961424 0
1682064683159 2.4606801986694338 0
1682064683804 2.4735920429229736 0
1682064684361 2.4686790227890016 0
1682064684902 2.4596978664398192 0
1682064685461 2.46869158744812 0
1682064686106 2.455416679382324 0
1682064686685 2.4550195217132567 0
1682064687221 2.458090806007385 0
1682064687795 2.452882194519043 0
1682064688401 2.4527453660964964 0
1682064688934 2.4676980495452883 0
1682064689471 2.455929493904114 0
1682064690021 2.451481485366821 0
1682064690591 2.4568225622177122 0
1682064691142 2.4559200525283815 0
1682064691692 2.4410195350646973 0
1682064692243 2.466788172721863 0
1682064692802 2.453721451759338 0
1682064693482 2.4463150978088377 0
1682064694078 2.4395430088043213 0
1682064694609 2.449765110015869 0
1682064695161 2.445775270462036 0
1682064695748 2.4291808128356935 0
1682064696335 2.4404414892196655 0
1682064696873 2.4384758949279783 0
1682064697417 2.436025309562683 0
1682064697945 2.4399250984191894 0
1682064698490 2.4469298362731933 0
1682064699031 2.449410843849182 0
1682064699575 2.437649440765381 0
1682064700121 2.442974662780762 0
1682064700673 2.435778594017029 0
1682064701224 2.4325870513916015 0
1682064701760 2.426832175254822 0
1682064702300 2.4267754793167113 0
1682064702867 2.435853934288025 0
1682064703537 2.432992959022522 0
1682064704138 2.4252737522125245 0
1682064704670 2.431573247909546 0
1682064705215 2.4171353578567505 0
1682064705761 2.437250757217407 0
1682064706309 2.4207695007324217 0
1682064706847 2.4203983306884767 0
1682064707407 2.4185521364212037 0
1682064707943 2.423856258392334 0
1682064708489 2.4325289726257324 0
1682064709029 2.4178555965423585 0
1682064709582 2.418165612220764 0
1682064710122 2.4225136280059814 0
1682064710674 2.4186310529708863 0
1682064711227 2.421667742729187 0
1682064711796 2.4125641107559206 0
1682064712329 2.4142773866653444 0
1682064712907 2.415989565849304 0
1682064713574 2.410508966445923 0
1682064714177 2.4122982263565063 0
1682064714712 2.4146816730499268 0
1682064715263 2.402975058555603 0
1682064715807 2.413246989250183 0
1682064716367 2.4142487049102783 0
1682064716915 2.40608925819397 0
1682064717460 2.4034343004226684 0
1682064718005 2.4116806268692015 0
1682064718567 2.402389979362488 0
1682064719108 2.41239595413208 0
1682064719651 2.386751389503479 0
1682064720202 2.4032547235488892 0
1682064720751 2.3976610898971558 0
1682064721301 2.3969305753707886 0
1682064721861 2.3909057140350343 0
1682064722412 2.3990885734558107 0
1682064722988 2.387452816963196 0
1682064723907 2.395456838607788 0
1682064724487 2.389827919006348 0
1682064725035 2.401794981956482 0
1682064725582 2.3781171560287477 0
1682064726126 2.384044575691223 0
1682064726686 2.3959749221801756 0
1682064727227 2.383254790306091 0
1682064727768 2.367257595062256 0
1682064728318 2.390775036811829 0
1682064728866 2.3893694400787355 0
1682064729418 2.3922884464263916 0
1682064729958 2.382328414916992 0
1682064730519 2.3946177482604982 0
1682064731061 2.376113486289978 0
1682064731621 2.3674520015716554 0
1682064732164 2.3717281818389893 0
1682064732718 2.3824630975723267 0
1682064733376 2.380593943595886 0
1682064733996 2.3781723260879515 0
1682064734544 2.3695308446884153 0
1682064735085 2.370305633544922 0
1682064735637 2.373633527755737 0
1682064736184 2.366124129295349 0
1682064736747 2.372769570350647 0
1682064737281 2.371028923988342 0
1682064737824 2.368147301673889 0
1682064738374 2.3692224740982057 0
1682064738919 2.3568113803863526 0
1682064739470 2.3553457736968992 0
1682064740011 2.3584335327148436 0
1682064740557 2.347602438926697 0
1682064741195 2.35167920589447 0
1682064741746 2.34470055103302 0
1682064742295 2.360481786727905 0
1682064742846 2.342778730392456 0
1682064743512 2.353458857536316 0
1682064744122 2.3495264291763305 0
1682064744657 2.351762318611145 0
1682064745209 2.346362566947937 0
1682064745756 2.3519496440887453 0
1682064746311 2.3419207096099854 0
1682064746860 2.3478564262390136 0
1682064747403 2.337552618980408 0
1682064747951 2.335034728050232 0
1682064748507 2.352462387084961 0
1682064749053 2.3444953203201293 0
1682064749599 2.3414502859115602 0
1682064750145 2.3297667503356934 0
1682064750699 2.341318726539612 0
1682064751253 2.3252291917800902 0
1682064751814 2.334090995788574 0
1682064752366 2.3348111391067503 0
1682064752959 2.3346141815185546 0
1682064753630 2.331170845031738 0
1682064754235 2.332806873321533 0
1682064754779 2.3262328147888183 0
1682064755327 2.3316390752792358 0
1682064755876 2.315515661239624 0
1682064756421 2.325572967529297 0
1682064756983 2.329065227508545 0
1682064757558 2.324825572967529 0
1682064758103 2.314118981361389 0
1682064758650 2.3247565031051636 0
1682064759198 2.324531817436218 0
1682064759747 2.3149102449417116 0
1682064760299 2.3080926656723024 0
1682064760858 2.3125627279281615 0
1682064761445 2.3100732564926147 0
1682064762020 2.3064616441726686 0
1682064762565 2.307112622261047 0
1682064763166 2.303148603439331 0
1682064763824 2.31943941116333 0
1682064764387 2.305278444290161 0
1682064764929 2.2993279695510864 0
1682064765484 2.3078107595443726 0
1682064766031 2.3137112617492677 0
1682064766576 2.303757929801941 0
1682064767136 2.2985196113586426 0
1682064767686 2.309499406814575 0
1682064768235 2.2818912267684937 0
1682064768777 2.2846869468688964 0
1682064769329 2.2983954668045046 0
1682064769874 2.2969565391540527 0
1682064770424 2.2927359104156495 0
1682064770973 2.2844322443008425 0
1682064771522 2.2933058023452757 0
1682064772082 2.2814605474472045 0
1682064772624 2.2951684951782227 0
1682064773249 2.296537089347839 0
1682064773898 2.2920289039611816 0
1682064774453 2.293821907043457 0
1682064774994 2.284197378158569 0
1682064775604 2.2722288370132446 0
1682064776219 2.287420058250427 0
1682064776757 2.2855864763259888 0
1682064777315 2.2784409523010254 0
1682064777874 2.286379599571228 0
1682064778429 2.2815954208374025 0
1682064778974 2.2690961599349975 0
1682064779543 2.2865568876266478 0
1682064780105 2.2654065608978273 0
1682064780656 2.275149035453796 0
1682064781206 2.2728293180465697 0
1682064781757 2.2797924280166626 0
1682064782315 2.2755634784698486 0
1682064782868 2.277193284034729 0
1682064783546 2.2830228328704836 0
1682064784177 2.274503993988037 0
1682064784722 2.2639055013656617 0
1682064785300 2.270353150367737 0
1682064785869 2.2636619806289673 0
1682064786413 2.2638689279556274 0
1682064786964 2.272728371620178 0
1682064787520 2.2624298334121704 0
1682064788062 2.265229320526123 0
1682064788622 2.2439071416854857 0
1682064789175 2.2604374408721926 0
1682064789731 2.257244873046875 0
1682064790294 2.2615838289260863 0
1682064790846 2.242253804206848 0
1682064791395 2.264458656311035 0
1682064791943 2.2575615644454956 0
1682064792511 2.2522920608520507 0
1682064793092 2.2678199291229246 0
1682064793768 2.261866569519043 0
1682064794348 2.263883185386658 0
1682064794894 2.255299949645996 0
1682064795439 2.255889081954956 0
1682064795994 2.2529831409454344 0
1682064796547 2.250122380256653 0
1682064797127 2.2383429050445556 0
1682064797697 2.2488919496536255 0
1682064798240 2.253737950325012 0
1682064798801 2.25010666847229 0
1682064799350 2.265570783615112 0
1682064799893 2.2627697706222536 0
1682064800449 2.2459688425064086 0
1682064801083 2.2533310651779175 0
1682064801620 2.2402897119522094 0
1682064802177 2.2533085107803346 0
1682064802733 2.2277962446212767 0
1682064803372 2.2416956424713135 0
1682064804021 2.2499426126480104 0
1682064804569 2.245439314842224 0
1682064805114 2.2484779357910156 0
1682064805666 2.243588995933533 0
1682064806236 2.2441714286804197 0
1682064806793 2.228318786621094 0
1682064807346 2.239520812034607 0
1682064807898 2.234533953666687 0
1682064808454 2.2302491903305053 0
1682064808998 2.2364834547042847 0
1682064809547 2.237206816673279 0
1682064810104 2.23119375705719 0
1682064810654 2.2308197975158692 0
1682064811201 2.242299294471741 0
1682064811757 2.238041877746582 0
1682064812322 2.241937589645386 0
1682064812869 2.2438451528549193 0
1682064813532 2.2271933555603027 0
1682064814161 2.2372058153152468 0
1682064814712 2.2334662675857544 0
1682064815264 2.220516872406006 0
1682064815830 2.2151750802993773 0
1682064816388 2.2246219158172607 0
1682064816944 2.2329181909561155 0
1682064817503 2.219335675239563 0
1682064818052 2.2339518547058104 0
1682064818600 2.23991596698761 0
1682064819148 2.220892405509949 0
1682064819730 2.2310219049453734 0
1682064820279 2.220967149734497 0
1682064820829 2.2171996593475343 0
1682064821381 2.2319713115692137 0
1682064821930 2.225297474861145 0
1682064822492 2.224300003051758 0
1682064823071 2.2158154487609862 0
