1681910239534 3.68753470659256 0
1681910243365 3.157274525165558 0
1681910251327 2.963130807876587 0
1681910256771 2.8681630086898804 0
1681910260452 2.8132793164253234 0
1681910264587 2.7698810124397277 0
1681910269242 2.737986743450165 0
1681910272326 2.7126829290390013 0
1681910275472 2.6931201601028443 0
1681910278989 2.6754679107666015 0
1681910288004 2.659758493900299 0
1681910296304 2.6440951228141785 0
1681910299045 2.628845887184143 0
1681910301804 2.6137725353240966 0
1681910304779 2.6008171367645265 0
1681910307864 2.5828028225898745 0
1681910312039 2.573327329158783 0
1681910316161 2.559994478225708 0
1681910319497 2.5485947489738465 0
1681910322584 2.545220410823822 0
1681910325788 2.5360628271102907 0
1681910328858 2.532000799179077 0
1681910331832 2.5270536518096924 0
1681910335090 2.52595223903656 0
1681910338000 2.5202001571655273 0
1681910341659 2.518304936885834 0
1681910344967 2.5147150135040284 0
1681910347745 2.514987576007843 0
1681910350609 2.515293583869934 0
1681910353745 2.5101464200019836 0
1681910357035 2.5094439125061037 0
1681910359883 2.5107712364196777 0
1681910363003 2.504663631916046 0
1681910366312 2.504002206325531 0
1681910369210 2.5043714308738707 0
1681910372314 2.5005369424819945 0
1681910375430 2.4978759241104127 0
1681910379312 2.4992636680603026 0
1681910382960 2.498232378959656 0
1681910385965 2.49254408121109 0
1681910389626 2.490757985115051 0
1681910392749 2.4878512907028196 0
1681910396838 2.4861689734458925 0
1681910400602 2.4831263208389283 0
1681910403837 2.4752138876914977 0
1681910406962 2.4742459940910337 0
1681910409952 2.46880078792572 0
1681910413138 2.468970947265625 0
1681910416916 2.463781361579895 0
1681910420660 2.4631139731407163 0
1681910425957 2.4598287677764894 0
1681910429790 2.4588480377197266 0
1681910433168 2.4547798204422 0
1681910436357 2.4459413647651673 0
1681910439359 2.4481083297729493 0
1681910442460 2.442979111671448 0
1681910446637 2.4378508043289187 0
1681910449700 2.434038281440735 0
1681910452869 2.4303177261352538 0
1681910456484 2.427755305767059 0
1681910459540 2.4218676567077635 0
1681910462819 2.4166961193084715 0
1681910465926 2.4148529267311094 0
1681910468971 2.4151702380180358 0
1681910471948 2.4088682436943056 0
1681910475666 2.4135234642028807 0
1681910478576 2.40966566324234 0
1681910481531 2.4058623361587523 0
1681910484805 2.404792330265045 0
1681910487712 2.3972989916801453 0
1681910490762 2.395228536128998 0
1681910494064 2.4021464371681214 0
1681910496864 2.3942513608932496 0
1681910499716 2.391395020484924 0
1681910502639 2.3946001172065734 0
1681910505761 2.394059586524963 0
1681910508971 2.390894629955292 0
1681910511861 2.3896560621261598 0
1681910515090 2.3855852627754213 0
1681910518873 2.385052239894867 0
1681910521984 2.385009219646454 0
1681910525669 2.3811764097213746 0
1681910528570 2.3767202138900756 0
1681910531850 2.3723817896842956 0
1681910535095 2.3770594072341917 0
1681910538374 2.3725229001045225 0
1681910541374 2.3735958790779113 0
1681910544764 2.3732539010047913 0
1681910547738 2.373661072254181 0
1681910550700 2.374104309082031 0
1681910553862 2.3729421067237855 0
1681910556776 2.370987696647644 0
1681910560159 2.3721201634407043 0
1681910563214 2.3681283926963808 0
1681910566441 2.3673928332328797 0
1681910569652 2.3644578862190246 0
1681910572700 2.36535151720047 0
1681910575908 2.3654938387870788 0
1681910579272 2.3649533367156983 0
1681910584369 2.3622276425361632 0
1681910588637 2.3652538108825683 0
1681910592495 2.362363154888153 0
1681910596645 2.363547122478485 0
1681910600813 2.362572729587555 0
1681910603954 2.358804316520691 0
1681910607157 2.364980583190918 0
1681910610113 2.360721518993378 0
1681910613153 2.3623980355262755 0
1681910616760 2.3605223321914672 0
1681910619662 2.361523745059967 0
1681910622596 2.359214811325073 0
1681910626619 2.360323073863983 0
1681910631171 2.3625880217552186 0
1681910634478 2.3589197611808777 0
1681910637574 2.355728964805603 0
1681910640586 2.3600245404243467 0
1681910643884 2.3594648385047914 0
1681910648265 2.3582576227188112 0
1681910651197 2.353384807109833 0
1681910654721 2.35483850479126 0
1681910657915 2.3554817247390747 0
1681910660814 2.3570613050460816 0
1681910664014 2.3568003082275393 0
1681910666921 2.357885768413544 0
1681910669830 2.3521971583366392 0
1681910672862 2.3558387541770935 0
1681910676034 2.356325604915619 0
1681910678926 2.351530199050903 0
1681910681913 2.352203891277313 0
1681910685130 2.3537315201759337 0
1681910688077 2.3527572751045227 0
1681910691199 2.3535646295547483 0
1681910694410 2.352212655544281 0
1681910697461 2.3506351113319397 0
1681910700548 2.3496665716171266 0
1681910703635 2.3479662775993346 0
1681910706797 2.3509089660644533 0
1681910709940 2.349106912612915 0
1681910712794 2.352333114147186 0
1681910715923 2.350404577255249 0
1681910718765 2.3496765327453613 0
1681910721628 2.3480694842338563 0
1681910724850 2.348272051811218 0
1681910727801 2.3495428109169008 0
1681910730912 2.346259362697601 0
1681910734052 2.347523980140686 0
1681910736998 2.347945659160614 0
1681910739864 2.3482418417930604 0
1681910742770 2.346132688522339 0
1681910745955 2.3464095902442934 0
1681910748929 2.3476173758506773 0
1681910751868 2.3440345883369447 0
1681910755029 2.346876711845398 0
1681910757869 2.343845582008362 0
1681910760775 2.345216178894043 0
1681910763882 2.3462685203552245 0
1681910766842 2.3399427580833434 0
1681910769696 2.3399074387550356 0
1681910772767 2.3457010316848756 0
1681910775943 2.342828776836395 0
1681910778818 2.341042196750641 0
1681910781739 2.345281045436859 0
1681910784890 2.3393799471855163 0
1681910787900 2.343539218902588 0
1681910790769 2.3414599394798277 0
1681910793817 2.3456728506088256 0
1681910796689 2.3435731029510496 0
1681910799497 2.342204372882843 0
1681910802345 2.338617343902588 0
1681910805721 2.3442900824546813 0
1681910808553 2.3421519804000854 0
1681910811524 2.340406429767609 0
1681910814694 2.338332633972168 0
1681910817566 2.3385632181167604 0
1681910820513 2.339002578258514 0
1681910823533 2.341180646419525 0
1681910826546 2.336878821849823 0
1681910829426 2.3398477935791018 0
1681910832292 2.334919650554657 0
1681910835525 2.340541958808899 0
1681910838441 2.3381673526763915 0
1681910841311 2.3334014868736266 0
1681910844468 2.3380456519126893 0
1681910847319 2.337547664642334 0
1681910850376 2.3400346064567565 0
1681910853312 2.33960075378418 0
1681910856432 2.336781940460205 0
1681910859309 2.337808768749237 0
1681910862155 2.337722272872925 0
1681910865290 2.3384112405776976 0
1681910868278 2.337740728855133 0
1681910871266 2.3379091382026673 0
1681910874473 2.337129452228546 0
1681910877357 2.3359378457069395 0
1681910880328 2.3345494413375856 0
1681910883316 2.3374636244773863 0
1681910886393 2.337366044521332 0
1681910889277 2.338424062728882 0
1681910892200 2.337400505542755 0
1681910895550 2.3343125104904177 0
1681910898399 2.334827139377594 0
1681910901280 2.33403995513916 0
1681910904364 2.337068407535553 0
1681910907241 2.3326107907295226 0
1681910910091 2.3367470788955687 0
1681910912974 2.3352885341644285 0
1681910916114 2.3346801137924196 0
1681910918978 2.3357743644714355 0
1681910922337 2.334578971862793 0
1681910925566 2.334592547416687 0
1681910928973 2.332599003314972 0
1681910931957 2.3378275775909425 0
1681910935244 2.332954580783844 0
1681910938122 2.3368641686439515 0
1681910941097 2.331986267566681 0
1681910944159 2.3305021214485167 0
1681910947137 2.3335383200645445 0
1681910949962 2.3359725308418273 0
1681910952841 2.3343069338798523 0
1681910955983 2.3345837497711184 0
1681910958797 2.334466907978058 0
1681910961651 2.334507157802582 0
1681910964768 2.3355693078041075 0
1681910967629 2.3280114245414736 0
1681910970496 2.3310740876197813 0
1681910973474 2.328076717853546 0
1681910976522 2.3319329619407654 0
1681910979346 2.3275944328308107 0
1681910982229 2.3343347454071046 0
1681910985346 2.3317426872253417 0
1681910988198 2.3301322054862976 0
1681910991156 2.331213195323944 0
1681910994297 2.3307615685462952 0
1681910997282 2.329174020290375 0
1681911000212 2.328995668888092 0
1681911003086 2.329368321895599 0
1681911006267 2.3313954854011536 0
1681911009251 2.33362667798996 0
1681911012323 2.330684130191803 0
1681911015522 2.331072542667389 0
1681911019038 2.332167344093323 0
1681911023139 2.3287046551704407 0
1681911027022 2.3285584330558775 0
1681911029557 2.3314233732223513 0
1681911031678 2.3267952585220337 0
1681911034134 2.32833181142807 0
1681911036472 2.3268517088890075 0
1681911038632 2.3312817096710203 0
1681911040843 2.327395431995392 0
1681911043150 2.327171790599823 0
1681911045472 2.327164258956909 0
1681911047625 2.32700288772583 0
1681911049846 2.3298674845695495 0
1681911051971 2.326037826538086 0
1681911054329 2.3259546852111814 0
1681911056431 2.3267683672904966 0
1681911058521 2.3241430163383483 0
1681911060632 2.326505377292633 0
1681911062724 2.3265499806404115 0
1681911065022 2.328909146785736 0
1681911067136 2.3254554319381713 0
1681911069267 2.3229360604286193 0
1681911071389 2.323648681640625 0
1681911073574 2.324139003753662 0
1681911076244 2.322209587097168 0
1681911079381 2.3228533411026 0
1681911081938 2.3248135614395142 0
1681911084564 2.3263169717788696 0
1681911086691 2.3251886320114137 0
1681911088922 2.325345051288605 0
1681911091293 2.3222639465332033 0
1681911093757 2.326035826206207 0
1681911096196 2.324996452331543 0
1681911098513 2.3259038376808165 0
1681911100871 2.319003324508667 0
1681911103199 2.3266177582740784 0
1681911105667 2.323935158252716 0
1681911108026 2.3205672216415407 0
1681911110221 2.3235513758659363 0
1681911112368 2.322280395030975 0
1681911114699 2.3245230436325075 0
1681911116814 2.325477647781372 0
1681911118957 2.322812738418579 0
1681911121101 2.3217393517494203 0
1681911123297 2.324441661834717 0
1681911125659 2.319954330921173 0
1681911128240 2.321222050189972 0
1681911130464 2.321185219287872 0
1681911132717 2.324140660762787 0
1681911135312 2.3223080945014956 0
1681911137832 2.3217317414283754 0
1681911140042 2.3209716200828554 0
1681911142300 2.3211734914779663 0
1681911144743 2.3218212890625 0
1681911146973 2.319947910308838 0
1681911149502 2.3202626156806945 0
1681911152082 2.3169432401657106 0
1681911155026 2.3237398052215577 0
1681911157189 2.3176497054100036 0
1681911159420 2.32162059545517 0
1681911161636 2.3190125751495363 0
1681911164981 2.3212096214294435 0
1681911167256 2.31841094493866 0
1681911169661 2.3239862537384033 0
1681911171991 2.3193263697624205 0
1681911174484 2.323156077861786 0
1681911177262 2.3176726055145265 0
1681911179571 2.31825097322464 0
1681911181755 2.320712685585022 0
1681911184099 2.320622053146362 0
1681911186409 2.3189130568504335 0
1681911188652 2.3208928012847903 0
1681911191064 2.322511940002441 0
1681911193677 2.319647514820099 0
1681911196413 2.3172530007362364 0
1681911199292 2.317499620914459 0
1681911202003 2.3175064754486083 0
1681911205301 2.3184409523010254 0
1681911207743 2.3199502301216124 0
1681911210106 2.314405233860016 0
1681911212599 2.320987865924835 0
1681911215406 2.3208226132392884 0
1681911218137 2.3144770550727842 0
1681911221123 2.3187777686119078 0
1681911223570 2.317929434776306 0
1681911226226 2.3176332354545592 0
1681911229221 2.317190260887146 0
1681911231790 2.3193791103363037 0
1681911234511 2.318833785057068 0
1681911236943 2.31980295419693 0
1681911239220 2.3194452810287474 0
1681911242606 2.318260221481323 0
1681911245646 2.3147371363639833 0
1681911248430 2.323071401119232 0
1681911250612 2.317282586097717 0
1681911253095 2.3175817561149596 0
1681911255513 2.317401714324951 0
1681911258550 2.3164871764183044 0
1681911261186 2.320289101600647 0
1681911264303 2.3170376563072206 0
1681911267345 2.318420360088348 0
1681911269775 2.315464532375336 0
1681911272345 2.3185767984390258 0
1681911275171 2.316836504936218 0
1681911277530 2.320249264240265 0
1681911279774 2.320383894443512 0
1681911281958 2.313319799900055 0
1681911284419 2.3134066224098206 0
1681911286615 2.3159689927101135 0
1681911288794 2.3174793410301207 0
1681911290982 2.3159526634216308 0
1681911293109 2.3119913601875304 0
1681911295708 2.318490324020386 0
1681911297927 2.313875162601471 0
1681911300038 2.314184908866882 0
1681911302196 2.316290991306305 0
1681911304413 2.315372838973999 0
1681911306516 2.315673394203186 0
1681911308905 2.3225083231925963 0
1681911312074 2.315816192626953 0
1681911314560 2.3149897766113283 0
1681911316710 2.3151987075805662 0
1681911318783 2.314832727909088 0
1681911320870 2.3173151421546936 0
1681911323178 2.3158018255233763 0
1681911325508 2.3173523998260497 0
1681911328466 2.31476434469223 0
1681911331702 2.3159870219230654 0
1681911334609 2.315707812309265 0
1681911336788 2.313950152397156 0
1681911339141 2.311272678375244 0
1681911341809 2.3137055325508116 0
1681911344832 2.315917692184448 0
1681911347241 2.316553988456726 0
1681911349474 2.3158221006393434 0
1681911351599 2.3112214469909667 0
1681911353707 2.314225962162018 0
1681911356006 2.315873234272003 0
1681911358446 2.313005952835083 0
1681911360855 2.315043089389801 0
1681911363565 2.31368834733963 0
1681911366371 2.3153229546546936 0
1681911368987 2.316689178943634 0
1681911371216 2.3157923412323 0
1681911373495 2.3150806212425232 0
1681911376277 2.3180766534805297 0
1681911378558 2.3178051567077635 0
1681911380772 2.315170993804932 0
1681911383947 2.311235888004303 0
1681911388130 2.31471342086792 0
1681911391711 2.311938967704773 0
1681911395389 2.3105049610137938 0
1681911397730 2.31085391998291 0
1681911399897 2.3125610876083376 0
1681911402323 2.3122056889533997 0
1681911405308 2.3127459573745726 0
1681911407459 2.315710871219635 0
1681911409748 2.314938726425171 0
1681911413230 2.312447874546051 0
1681911415856 2.3161412858963013 0
1681911418365 2.3119523239135744 0
1681911420933 2.312808198928833 0
1681911423221 2.311517779827118 0
1681911425897 2.314133014678955 0
1681911428360 2.311471736431122 0
1681911430825 2.3176426982879637 0
1681911433381 2.3131774997711183 0
1681911436194 2.3114595508575437 0
1681911438779 2.3097865843772887 0
1681911441188 2.311225905418396 0
1681911443712 2.3094026112556456 0
1681911446237 2.310828745365143 0
1681911448903 2.3095193028450014 0
1681911450976 2.3183012318611147 0
1681911453117 2.308062288761139 0
1681911455453 2.314218683242798 0
1681911457661 2.3135451316833495 0
1681911459735 2.3126380491256713 0
1681911461839 2.3122930932044983 0
1681911463916 2.310558159351349 0
1681911466167 2.3130225586891173 0
1681911468520 2.310857405662537 0
1681911470704 2.3109336924552917 0
1681911472907 2.3103686690330507 0
1681911476098 2.3147343158721925 0
1681911478443 2.3082123303413393 0
1681911481371 2.3093987131118774 0
1681911484218 2.3101698422431944 0
1681911487142 2.3110250091552733 0
1681911490873 2.31662232875824 0
1681911493610 2.311993305683136 0
1681911496055 2.308974485397339 0
1681911500467 2.312369601726532 0
1681911502993 2.310737943649292 0
1681911505335 2.3069729614257812 0
1681911507465 2.3097950839996337 0
1681911509637 2.3110388684272767 0
1681911512836 2.3124457883834837 0
1681911515364 2.310730652809143 0
1681911518252 2.313360340595245 0
1681911521374 2.3089306449890135 0
1681911524980 2.3103338289260864 0
1681911528398 2.309004645347595 0
1681911531850 2.3110338759422304 0
1681911534190 2.3098806834220884 0
1681911536836 2.3079270124435425 0
1681911540134 2.311837069988251 0
1681911543187 2.308654887676239 0
1681911546041 2.304972743988037 0
1681911548620 2.3086599779129027 0
1681911551142 2.308537585735321 0
1681911553809 2.3093516659736633 0
1681911556568 2.3089361667633055 0
1681911558881 2.307534353733063 0
1681911561071 2.307382924556732 0
1681911563466 2.308779392242432 0
1681911566211 2.306352744102478 0
1681911568819 2.313250300884247 0
1681911571665 2.3085670948028563 0
1681911574651 2.3096808218955993 0
1681911576881 2.310618290901184 0
1681911579264 2.310557339191437 0
1681911581917 2.30923800945282 0
1681911584869 2.308142590522766 0
1681911587853 2.3076560878753662 0
1681911590585 2.309617624282837 0
1681911593070 2.3106649899482727 0
1681911595591 2.309539692401886 0
1681911598741 2.308589437007904 0
1681911601845 2.3059868574142457 0
1681911604437 2.31030136346817 0
1681911606962 2.3095592617988587 0
1681911609315 2.3071074795722963 0
1681911611536 2.308677408695221 0
1681911613948 2.306428825855255 0
1681911617060 2.308528170585632 0
1681911620474 2.312854392528534 0
1681911623081 2.307272288799286 0
1681911625622 2.305655691623688 0
1681911628269 2.308392012119293 0
1681911631822 2.30650755405426 0
1681911634476 2.3117735028266906 0
1681911637064 2.3070892667770386 0
1681911639668 2.3062584304809572 0
1681911642041 2.309875726699829 0
1681911644678 2.3056340742111208 0
1681911647374 2.305321946144104 0
1681911649975 2.3063787531852724 0
1681911652392 2.307624123096466 0
1681911655717 2.3081160593032837 0
1681911658151 2.308792989253998 0
1681911660531 2.306187679767609 0
1681911662796 2.3085583233833313 0
1681911665064 2.307744257450104 0
1681911667212 2.3105868077278138 0
1681911669449 2.30714693069458 0
1681911671553 2.307383773326874 0
1681911674060 2.304361197948456 0
1681911676728 2.307122550010681 0
1681911678943 2.3080565762519836 0
