1682068897130 4.228759050369263 0
1682068901197 3.831968331336975 0
1682068905120 3.6638122320175173 0
1682068909252 3.5520031452178955 0
1682068913250 3.4642680883407593 0
1682068917330 3.382998824119568 0
1682068921664 3.314441990852356 0
1682068925897 3.2178778886795043 0
1682068930248 3.142281436920166 0
1682068934242 3.0545723676681518 0
1682068938321 2.991782307624817 0
1682068942411 2.938112664222717 0
1682068946556 2.8866691827774047 0
1682068950704 2.83891384601593 0
1682068954868 2.8072688579559326 0
1682068958984 2.778656816482544 0
1682068963091 2.75366096496582 0
1682068967561 2.737431192398071 0
1682068971940 2.722677731513977 0
1682068976087 2.7047932147979736 0
1682068980310 2.6849062919616697 0
1682068984442 2.68243145942688 0
1682068988576 2.6844719648361206 0
1682068992645 2.6600823163986207 0
1682068996767 2.6443687438964845 0
1682069000887 2.6404762268066406 0
1682069005051 2.625637078285217 0
1682069009705 2.6239487171173095 0
1682069013974 2.626189041137695 0
1682069018086 2.612083077430725 0
1682069022268 2.6027273893356324 0
1682069026435 2.603697180747986 0
1682069030612 2.597769594192505 0
1682069034803 2.598043608665466 0
1682069039113 2.5887521266937257 0
1682069043821 2.5749136209487915 0
1682069047931 2.569101071357727 0
1682069052111 2.572314238548279 0
1682069056272 2.5666632890701293 0
1682069060513 2.566376876831055 0
1682069064726 2.561258006095886 0
1682069068963 2.558488368988037 0
1682069073144 2.5625606775283813 0
1682069077890 2.5494828701019285 0
1682069082159 2.539507007598877 0
1682069086365 2.5421522855758667 0
1682069090613 2.5389532327651976 0
1682069094731 2.538297414779663 0
1682069098966 2.529805541038513 0
1682069103141 2.534394073486328 0
