1681905555468 3.704649741649628 0
1681905557969 3.132004563808441 0
1681905560032 2.9379430174827577 0
1681905562200 2.8582209968566894 0
1681905564459 2.8082380270957947 0
1681905567093 2.777029778957367 0
1681905569554 2.7497244668006897 0
1681905572041 2.7344741296768187 0
1681905574441 2.7178796696662904 0
1681905576482 2.702261805534363 0
1681905578559 2.693485314846039 0
1681905580617 2.6826124668121336 0
1681905582856 2.6736499738693236 0
1681905585034 2.6597356009483337 0
1681905587173 2.649951465129852 0
1681905589226 2.638694567680359 0
1681905591302 2.6215273666381838 0
1681905593742 2.6039376211166383 0
1681905595823 2.5841554737091066 0
1681905597934 2.5687529373168947 0
1681905599994 2.553965175151825 0
1681905602193 2.5396758031845095 0
1681905604442 2.5324292826652526 0
1681905606512 2.5191072034835815 0
1681905608576 2.509799454212189 0
1681905610648 2.4995450496673586 0
1681905612801 2.4967762541770937 0
1681905615004 2.4884897565841673 0
1681905617162 2.4807069754600524 0
1681905619352 2.4791112208366393 0
1681905621440 2.4727188181877136 0
1681905623712 2.4643196439743043 0
1681905625765 2.4652121663093567 0
1681905627830 2.460818257331848 0
1681905630292 2.455429711341858 0
1681905633097 2.453192286491394 0
1681905635284 2.450199086666107 0
1681905637331 2.4474967741966247 0
1681905639390 2.447137176990509 0
1681905641605 2.4439092588424685 0
1681905643901 2.4427971768379213 0
1681905645947 2.440715012550354 0
1681905648170 2.4395217299461365 0
1681905650563 2.435077521800995 0
1681905653174 2.43298928976059 0
1681905655775 2.431296257972717 0
1681905658542 2.4285310983657835 0
1681905662148 2.428850836753845 0
1681905665892 2.426351017951965 0
1681905668066 2.4222479128837584 0
1681905670166 2.4203360438346864 0
1681905672216 2.422192621231079 0
1681905674499 2.415570707321167 0
1681905676540 2.4157097792625426 0
1681905678613 2.4129359102249146 0
1681905680701 2.410860779285431 0
1681905682810 2.4043154454231264 0
1681905685013 2.4060593247413635 0
1681905687041 2.4040816235542297 0
1681905689073 2.3974631690979002 0
1681905691152 2.3975009298324585 0
1681905693331 2.3996952080726626 0
1681905695342 2.3950536179542543 0
1681905697331 2.3936057686805725 0
1681905699307 2.393342661857605 0
1681905701423 2.3909174680709837 0
1681905704106 2.3897583985328676 0
1681905706971 2.387913408279419 0
1681905709216 2.385684087276459 0
1681905711452 2.3862735271453857 0
1681905713748 2.382908308506012 0
1681905715866 2.3849077248573303 0
1681905717965 2.3827774357795715 0
1681905720095 2.3830911803245542 0
1681905722514 2.3805268740653993 0
1681905724816 2.3783552289009093 0
1681905727014 2.3784766960144044 0
1681905729381 2.378054823875427 0
1681905731557 2.3823320174217226 0
1681905733879 2.3751615381240843 0
1681905735970 2.3737258100509644 0
1681905738067 2.3764711236953735 0
1681905740165 2.374196619987488 0
1681905742267 2.3719473671913147 0
1681905744551 2.372038731575012 0
1681905746658 2.3689118814468384 0
1681905748763 2.367190215587616 0
1681905750957 2.3673696327209472 0
1681905753188 2.368722531795502 0
1681905755383 2.367622890472412 0
1681905757476 2.3675159883499144 0
1681905759563 2.366060378551483 0
1681905761687 2.3654653787612916 0
1681905763983 2.3642495250701905 0
1681905766077 2.365922873020172 0
1681905768170 2.3621518063545226 0
1681905770295 2.3635739493370056 0
1681905772427 2.3626728796958925 0
1681905775066 2.3611675667762757 0
1681905777248 2.36155690908432 0
1681905779358 2.3587544560432434 0
1681905781671 2.356422975063324 0
1681905784010 2.359635598659515 0
1681905786108 2.3575593066215514 0
1681905788181 2.3592021226882935 0
1681905790279 2.355151941776276 0
1681905792352 2.357861921787262 0
1681905794637 2.3562374472618104 0
1681905796718 2.3530304527282713 0
1681905798829 2.3573405385017394 0
1681905800941 2.352038321495056 0
1681905803123 2.355572681427002 0
1681905805333 2.352753767967224 0
1681905807436 2.352760236263275 0
1681905809531 2.3522327375411987 0
1681905811708 2.3501951479911805 0
1681905814028 2.3514909458160402 0
1681905816123 2.3520396876335146 0
1681905818236 2.3538259482383728 0
1681905820354 2.354649260044098 0
1681905822471 2.351319477558136 0
1681905824771 2.3521153211593626 0
1681905826894 2.3533359742164612 0
1681905829239 2.3513032817840576 0
1681905831654 2.353246088027954 0
1681905833953 2.3452881240844725 0
1681905836045 2.3486180257797242 0
1681905838136 2.3473044085502623 0
1681905840310 2.3467134070396423 0
1681905842550 2.348618543148041 0
1681905844872 2.34442652463913 0
1681905846960 2.3465585899353028 0
1681905849219 2.345194935798645 0
1681905851325 2.3444793128967287 0
1681905853578 2.3497511744499207 0
1681905855716 2.34195855140686 0
1681905857849 2.3463022446632387 0
1681905859941 2.3451803398132323 0
1681905862043 2.3492000126838684 0
1681905864318 2.3434685969352724 0
1681905866435 2.344707124233246 0
1681905868545 2.3461430048942566 0
1681905870738 2.3462010717391966 0
1681905872964 2.342674334049225 0
1681905875799 2.339325957298279 0
1681905878287 2.3418792295455932 0
1681905880414 2.3413313913345335 0
1681905882515 2.340665922164917 0
1681905884964 2.3416582632064817 0
1681905887050 2.3417639350891113 0
1681905889147 2.340912163257599 0
1681905891239 2.341296286582947 0
1681905893669 2.340955283641815 0
1681905895833 2.342410886287689 0
1681905897913 2.3403735637664793 0
1681905899994 2.339267821311951 0
1681905902462 2.3423212504386903 0
1681905904753 2.337060947418213 0
1681905906875 2.340573453903198 0
1681905908975 2.3390788555145265 0
1681905911097 2.3392294311523436 0
1681905913282 2.3399008440971376 0
1681905915519 2.340444543361664 0
1681905917610 2.3378574323654173 0
1681905919688 2.3362830805778505 0
1681905921803 2.3424714064598082 0
1681905924107 2.3371819376945497 0
1681905926210 2.3400080895423887 0
1681905928365 2.337018094062805 0
1681905930575 2.3349671721458436 0
1681905932712 2.3360631012916566 0
1681905934996 2.3363618278503417 0
1681905937104 2.335783576965332 0
1681905939188 2.3357201766967775 0
1681905941369 2.3385502386093138 0
1681905943598 2.3361496210098265 0
1681905945771 2.333900339603424 0
1681905947890 2.329481563568115 0
1681905949996 2.330836544036865 0
1681905952126 2.331361799240112 0
1681905954422 2.333309950828552 0
1681905956536 2.33517701625824 0
1681905958640 2.3316217637062073 0
1681905960982 2.3278563141822817 0
1681905963149 2.334389612674713 0
1681905965431 2.3293012714385988 0
1681905967574 2.333032944202423 0
1681905969682 2.3309858870506286 0
1681905971900 2.329408333301544 0
1681905974332 2.3271692109107973 0
1681905976411 2.3300671696662905 0
1681905978482 2.3331295251846313 0
1681905980566 2.3290718817710876 0
1681905982645 2.326759717464447 0
1681905984918 2.3254599452018736 0
1681905986997 2.3285892391204834 0
1681905989093 2.3267910504341125 0
1681905991258 2.329375877380371 0
1681905993490 2.3267345643043518 0
1681905995704 2.326371657848358 0
1681905997798 2.32780681848526 0
1681905999886 2.3245584774017334 0
1681906002007 2.329595422744751 0
1681906004310 2.3279515624046327 0
1681906006436 2.327199068069458 0
1681906008693 2.3265982604026796 0
1681906010818 2.3272822189331053 0
1681906012931 2.3252933025360107 0
1681906015261 2.323293061256409 0
1681906017360 2.324647147655487 0
1681906019469 2.3235415244102477 0
1681906021805 2.322043981552124 0
1681906024113 2.322674856185913 0
1681906026224 2.3195806074142458 0
1681906028308 2.3234349632263185 0
1681906030395 2.3220011043548583 0
1681906032496 2.322814898490906 0
1681906034773 2.323384609222412 0
1681906036882 2.319841718673706 0
1681906038959 2.320178198814392 0
1681906041046 2.3199893069267272 0
1681906043131 2.3210215258598326 0
1681906045407 2.324440619945526 0
1681906047497 2.3227746629714967 0
1681906049601 2.322007100582123 0
1681906051772 2.320525498390198 0
1681906054336 2.3231193900108336 0
1681906056681 2.3212331438064577 0
1681906058772 2.3187348079681396 0
1681906060874 2.3200606012344362 0
1681906063007 2.326590576171875 0
1681906065309 2.317815799713135 0
1681906067449 2.3201447463035585 0
1681906069541 2.323410472869873 0
1681906071641 2.3234476017951966 0
1681906073882 2.3189953923225404 0
1681906076184 2.320556547641754 0
1681906078271 2.3202376174926758 0
1681906080399 2.3223703265190125 0
1681906082905 2.321821584701538 0
1681906085232 2.317289962768555 0
1681906087326 2.320747847557068 0
1681906089433 2.3173161602020262 0
1681906091592 2.3208601903915405 0
1681906093843 2.3198259139060973 0
1681906096025 2.3175287294387816 0
1681906098136 2.318863673210144 0
1681906100733 2.3222187781333923 0
1681906103609 2.318917524814606 0
1681906106436 2.316021749973297 0
1681906109029 2.316083686351776 0
1681906111779 2.3207622528076173 0
1681906114869 2.3168881511688233 0
1681906117526 2.316661877632141 0
1681906119922 2.3158650016784668 0
1681906122056 2.315579564571381 0
1681906124392 2.3149994683265684 0
1681906127546 2.318611800670624 0
1681906131318 2.317124779224396 0
1681906133915 2.3160655951499938 0
1681906136442 2.3162895703315733 0
1681906138635 2.3167842769622804 0
1681906140930 2.311484446525574 0
1681906143328 2.3168459582328795 0
1681906145808 2.3162422609329223 0
1681906149439 2.315357122421265 0
1681906151981 2.316646919250488 0
1681906154352 2.315555555820465 0
1681906156735 2.3125687193870545 0
1681906158932 2.316712985038757 0
1681906161114 2.3155490279197695 0
1681906163311 2.3148632764816286 0
1681906165952 2.315814561843872 0
1681906168448 2.3179537987709047 0
1681906170879 2.3145814990997313 0
1681906173102 2.3149003839492797 0
1681906175653 2.316410005092621 0
1681906178004 2.31769330739975 0
1681906182011 2.3147925543785095 0
1681906185012 2.311743199825287 0
1681906187546 2.3146776962280273 0
1681906191697 2.313014552593231 0
1681906194838 2.3144188857078554 0
1681906197825 2.3124093127250673 0
1681906200770 2.310968134403229 0
1681906203622 2.3164513182640074 0
1681906206198 2.3161332654953 0
1681906209036 2.3158250617980958 0
1681906211782 2.30889098405838 0
1681906215973 2.31342346906662 0
1681906218353 2.312756998538971 0
1681906220886 2.3161846709251406 0
1681906223614 2.312497000694275 0
1681906226930 2.308724813461304 0
1681906229093 2.3125675177574156 0
1681906231307 2.3137544894218447 0
1681906233470 2.312221384048462 0
1681906235903 2.3114790153503417 0
1681906238076 2.3122379875183103 0
1681906240763 2.314201092720032 0
1681906243569 2.313650043010712 0
1681906245889 2.3112523317337037 0
1681906248035 2.306303129196167 0
1681906250783 2.31296270608902 0
1681906253747 2.3094476103782653 0
1681906257138 2.315121030807495 0
1681906259330 2.3091669034957887 0
1681906262980 2.3104940271377563 0
1681906266153 2.312731931209564 0
1681906268483 2.3105501770973205 0
1681906271095 2.3129938650131225 0
1681906273449 2.314134728908539 0
1681906276826 2.3104073643684386 0
1681906279627 2.3102520728111267 0
1681906281968 2.311336703300476 0
1681906284618 2.310198042392731 0
1681906287166 2.3081893491744996 0
1681906289463 2.3091977715492247 0
1681906291877 2.3113822388648986 0
1681906293979 2.311154534816742 0
1681906296108 2.314580683708191 0
1681906298190 2.3105040788650513 0
1681906300549 2.3104704809188843 0
1681906302839 2.3086218571662904 0
1681906305488 2.3102135920524596 0
1681906307926 2.31124445438385 0
1681906310242 2.3126439595222474 0
1681906312806 2.3094990062713623 0
1681906315074 2.3117866563796996 0
1681906317281 2.310952911376953 0
1681906319820 2.309710829257965 0
1681906322804 2.313089466094971 0
1681906325579 2.313411762714386 0
1681906327723 2.311745765209198 0
1681906330065 2.3116743183135986 0
1681906332432 2.3098034048080445 0
1681906334849 2.3125032114982607 0
1681906337137 2.3096822261810304 0
1681906339300 2.3100839042663575 0
1681906341289 2.3106695461273192 0
1681906343304 2.3092793011665345 0
1681906345764 2.3078323435783386 0
1681906348199 2.3106598615646363 0
1681906350456 2.3138312816619875 0
1681906352771 2.310342586040497 0
1681906355354 2.3124557757377624 0
1681906357466 2.3081304001808167 0
1681906359629 2.3087212347984316 0
1681906361892 2.3087188673019408 0
1681906364026 2.306327810287476 0
1681906366272 2.310888750553131 0
1681906368389 2.3081574869155883 0
1681906370514 2.307969636917114 0
1681906372656 2.307940204143524 0
1681906374935 2.3115101861953735 0
1681906377094 2.3064334321022035 0
1681906379209 2.3048113107681276 0
1681906381968 2.3113058495521543 0
1681906384506 2.3069906640052795 0
1681906386799 2.3064290118217468 0
1681906388820 2.3058784556388856 0
1681906390870 2.309523177146912 0
1681906392907 2.3069306564331056 0
1681906395150 2.306765449047089 0
1681906397189 2.3091787266731263 0
1681906399234 2.3110459518432616 0
1681906401286 2.3044891428947447 0
1681906404734 2.308092453479767 0
1681906407385 2.3083916449546815 0
1681906679668 2.3068276166915895 0
1681906682103 2.311163649559021 0
1681906684727 2.3080803036689757 0
1681906687060 2.3071478700637815 0
1681906784723 2.3066391515731812 0
1681906787194 2.306342477798462 0
1681906789365 2.3080127024650574 0
1681906791776 2.305011460781097 0
1681906801955 2.3078855633735658 0
1681906803963 2.3087532329559326 0
1681906805978 2.3053000950813294 0
1681906809644 2.307620360851288 0
1681906811753 2.305112874507904 0
1681906813918 2.308014552593231 0
1681906816644 2.304092917442322 0
1681906820838 2.3039976143836975 0
1681906823728 2.308561644554138 0
1681906826304 2.3089285707473755 0
1681906923651 2.308331892490387 0
1681906925714 2.3025468730926515 0
1681906927802 2.305094983577728 0
1681906982399 2.30595894575119 0
1681906984641 2.3032681560516357 0
1681906986857 2.310350339412689 0
1681906988886 2.30791122674942 0
1681906991814 2.3066209244728086 0
1681906994292 2.305801465511322 0
1681906996921 2.307186150550842 0
1681907062664 2.310803508758545 0
1681907064742 2.306196138858795 0
1681907066764 2.3111013555526734 0
1681907068928 2.3060336399078367 0
1681907070951 2.30799946308136 0
1681907120859 2.303056242465973 0
1681907122927 2.3076124477386473 0
1681907124943 2.3030552077293396 0
1681907127177 2.3057228541374206 0
1681907129682 2.3067001342773437 0
1681907131931 2.307777132987976 0
1681907134482 2.3079095339775084 0
1681907203481 2.3063368129730226 0
1681907205870 2.3052390432357788 0
1681907207888 2.3030196261405944 0
1681907262239 2.3015392994880677 0
1681907264338 2.3050239658355713 0
1681907266409 2.30575314283371 0
1681907341851 2.3034846663475035 0
1681907344232 2.3025119614601137 0
1681907346865 2.3037216782569887 0
1681907402016 2.3059045624732972 0
1681907404383 2.305664346218109 0
1681907407130 2.303354060649872 0
1681907410283 2.3005324244499206 0
1681907412697 2.3021501541137694 0
1681907414743 2.3040524315834046 0
1681907417667 2.301926770210266 0
1681907419695 2.303769500255585 0
1681907421878 2.3010667157173157 0
1681907423952 2.3030990290641786 0
1681907429359 2.304980094432831 0
1681907431330 2.3039183902740477 0
1681907433325 2.301498279571533 0
1681907438820 2.303140733242035 0
1681907440874 2.3046937823295592 0
1681907442864 2.302289595603943 0
1681907444975 2.304530131816864 0
1681907450018 2.300962600708008 0
1681907452077 2.3023348903656005 0
1681907454042 2.305065097808838 0
1681907456069 2.298892753124237 0
1681907459261 2.3033904147148134 0
1681907461462 2.301666672229767 0
1681907463585 2.2982610058784485 0
1681907470813 2.3008970189094544 0
1681907472839 2.303839807510376 0
1681907474808 2.30255738735199 0
1681907530230 2.304467978477478 0
1681907532742 2.3035436344146727 0
1681907535921 2.3017828106880187 0
1681907600266 2.3034533524513243 0
1681907603243 2.3042527508735655 0
1681907605599 2.3017509722709657 0
1681907661314 2.3041587138175963 0
1681907663696 2.3026248669624327 0
1681907665744 2.3022194576263426 0
1681907737030 2.3022032308578493 0
1681907739139 2.3023585438728333 0
1681907741332 2.3016791319847107 0
1681907796709 2.3028922963142393 0
1681907798854 2.3005697965621947 0
1681907801781 2.2983004236221314 0
1681907812200 2.304601998329163 0
1681907814719 2.301617465019226 0
1681907816740 2.3057069516181947 0
1681907818746 2.3001270294189453 0
1681907862829 2.3018964385986327 0
1681907865161 2.301129035949707 0
1681907867215 2.298347291946411 0
1681907869469 2.298022723197937 0
1681907934325 2.2972024869918823 0
1681907936433 2.300444493293762 0
1681907938730 2.298508656024933 0
1681908001524 2.2986641001701353 0
1681908004229 2.298826234340668 0
1681908006665 2.298478248119354 0
1681908069225 2.29843480348587 0
1681908071333 2.297925775051117 0
1681908073461 2.298738784790039 0
1681908080850 2.298053958415985 0
1681908083330 2.298705403804779 0
1681908085295 2.296400899887085 0
1681908087383 2.294413011074066 0
1681908090565 2.2954193639755247 0
1681908092683 2.300078148841858 0
1681908094758 2.2985039353370667 0
1681908100278 2.297334923744202 0
1681908103007 2.2956750845909117 0
1681908105768 2.2968990325927736 0
1681908108512 2.298544907569885 0
1681908110582 2.2981631565093994 0
1681908112598 2.2926994824409483 0
1681908114633 2.293619031906128 0
1681908133481 2.2960175895690917 0
1681908135465 2.294718849658966 0
1681908137514 2.29648845911026 0
1681908139881 2.2948954916000366 0
1681908141957 2.290671474933624 0
1681908144429 2.2927392578125 0
1681908146436 2.2946959471702577 0
1681908210852 2.2950627183914185 0
1681908213098 2.298111529350281 0
1681908215765 2.2942899298667907 0
1681908218525 2.2942921471595765 0
1681908220677 2.295771951675415 0
1681908222690 2.293871910572052 0
1681908270185 2.2940668845176697 0
1681908272202 2.2967075657844545 0
1681908274188 2.294896996021271 0
1681908276183 2.2895453929901124 0
1681908301270 2.2963568568229675 0
1681908303591 2.292318148612976 0
1681908305663 2.295119466781616 0
1681908321726 2.291961681842804 0
1681908326757 2.2931845140457154 0
1681908329124 2.291030938625336 0
1681908331108 2.2975415635108947 0
1681908335127 2.2918149280548095 0
1681908338251 2.2934879159927366 0
1681908340294 2.29519371509552 0
1681908342324 2.2952617049217223 0
1681908345601 2.293418056964874 0
1681908347847 2.293326983451843 0
1681908349820 2.2934428668022155 0
1681908352458 2.2920443773269654 0
1681908354639 2.292136347293854 0
1681908356705 2.292781672477722 0
1681908358919 2.2972874331474302 0
1681908361498 2.2901343536376952 0
1681908363547 2.294397096633911 0
1681908365518 2.2920226740837095 0
1681908420525 2.2912475514411925 0
1681908422823 2.290830819606781 0
1681908424963 2.293114686012268 0
1681908426951 2.292685446739197 0
1681908498281 2.291832830905914 0
1681908500489 2.2942082476615906 0
1681908503512 2.291969599723816 0
1681908559304 2.2926651883125304 0
1681908562162 2.2927188301086425 0
1681908634895 2.2896714210510254 0
1681908637023 2.2906239366531373 0
1681908639098 2.2922674107551573 0
1681908694440 2.2916663837432862 0
1681908696866 2.287919073104858 0
1681908699063 2.289227538108826 0
1681908701253 2.291214175224304 0
1681908767341 2.291678650379181 0
1681908769529 2.290953381061554 0
1681908772452 2.2903049612045288 0
1681908828391 2.293804738521576 0
1681908831483 2.289349174499512 0
1681908890773 2.292555043697357 0
1681908892908 2.289197335243225 0
1681908895559 2.291353690624237 0
1681908950594 2.2897111129760743 0
1681908952668 2.290127387046814 0
1681908954742 2.2893155169487 0
1681909013547 2.288841576576233 0
1681909015880 2.2915838861465456 0
1681909017853 2.2917771792411803 0
1681909020357 2.287366943359375 0
1681909076555 2.288644161224365 0
1681909079163 2.285398499965668 0
1681909081248 2.288628058433533 0
1681909084446 2.287554745674133 0
1681909086474 2.2963239121437073 0
1681909088491 2.2913189482688905 0
1681909098821 2.2899304151535036 0
1681909100852 2.2890495896339416 0
1681909102858 2.2898256850242613 0
1681909105080 2.288957200050354 0
1681909107742 2.2887707114219666 0
1681909109775 2.288402512073517 0
1681909112240 2.2908623671531676 0
1681909117538 2.2883277535438538 0
1681909120094 2.2854572463035585 0
1681909122092 2.2891140675544737 0
1681909124091 2.286084227561951 0
1681909132988 2.2890871477127077 0
1681909135046 2.291171967983246 0
1681909137283 2.2882792472839357 0
1681909139297 2.290110228061676 0
1681909145842 2.290243625640869 0
1681909147869 2.290124409198761 0
1681909150267 2.286707332134247 0
1681909152579 2.2911844849586487 0
1681909158405 2.287168176174164 0
1681909160877 2.286633358001709 0
1681909162852 2.2921544671058656 0
1681909165958 2.287933485507965 0
1681909168214 2.2916618371009827 0
1681909170359 2.291406686306 0
1681909173544 2.28770911693573 0
1681909176718 2.289728133678436 0
1681909178885 2.2875981640815737 0
1681909180935 2.2899417376518247 0
1681909182972 2.282509138584137 0
1681909185189 2.2898488903045653 0
1681909187217 2.2887557125091553 0
1681909189302 2.2887985634803774 0
1681909191527 2.286461317539215 0
1681909194246 2.284801836013794 0
1681909197048 2.28693217754364 0
1681909199985 2.28464989900589 0
1681909202045 2.2900959205627442 0
1681909225362 2.2854413628578185 0
1681909229297 2.2896324253082274 0
1681909232651 2.283877022266388 0
1681909235489 2.2874444055557253 0
1681909237561 2.2866767597198487 0
1681909239715 2.2894556879997254 0
1681909242178 2.287401607036591 0
1681909244957 2.2869560813903806 0
1681909247410 2.2831091570854185 0
1681909249514 2.2884771037101745 0
1681909251530 2.287618019580841 0
1681909289407 2.2887941241264342 0
1681909293608 2.2878566765785218 0
1681909296814 2.2892366456985473 0
1681909299056 2.285441915988922 0
1681909302088 2.2873979234695434 0
1681909305342 2.285834970474243 0
1681909309183 2.2852993202209473 0
1681909312815 2.286121528148651 0
1681909317472 2.285339925289154 0
1681909321959 2.289248199462891 0
1681909327087 2.2824181842803957 0
1681909331808 2.287829043865204 0
1681909336250 2.2863941311836244 0
1681909338702 2.2868996477127075 0
1681909341501 2.2872788524627685 0
1681909344271 2.2879003167152403 0
1681909346927 2.2868619346618653 0
1681909349430 2.2860256886482238 0
1681909352579 2.285874454975128 0
1681909355538 2.2853748083114622 0
1681909358311 2.2863902974128725 0
1681909360938 2.283060429096222 0
1681909363514 2.283262856006622 0
1681909366288 2.286262276172638 0
1681909369377 2.2887777423858644 0
1681909374558 2.287197456359863 0
1681909378092 2.283089425563812 0
1681909383505 2.2881102657318113 0
1681909386506 2.283798930644989 0
1681909389111 2.287978608608246 0
1681909391983 2.28342716217041 0
1681909394635 2.28232980966568 0
1681909397412 2.2844073224067687 0
1681909400260 2.2887324929237365 0
1681909403042 2.2849989986419676 0
1681909406025 2.283623616695404 0
1681909409088 2.287750012874603 0
1681909412682 2.286511945724487 0
1681909415739 2.2882182216644287 0
1681909418582 2.283476560115814 0
1681909421322 2.2845238733291624 0
1681909423766 2.2832730507850645 0
1681909426288 2.2871831583976747 0
1681909428864 2.2869024085998535 0
1681909431591 2.2835851240158083 0
1681909433944 2.285538148880005 0
1681909436663 2.2880656504631043 0
1681909439335 2.281367526054382 0
1681909442752 2.286173520088196 0
1681909445097 2.2841972708702087 0
1681909447433 2.2862606620788575 0
1681909449792 2.284408643245697 0
1681909452381 2.2883136796951296 0
1681909454726 2.282082540988922 0
1681909457258 2.2829477167129517 0
1681909459668 2.285731649398804 0
1681909462631 2.285778458118439 0
1681909465316 2.2895285201072695 0
1681909467649 2.2855037903785704 0
1681909470163 2.282836768627167 0
1681909472693 2.2851765155792236 0
1681909475198 2.2835817337036133 0
1681909477557 2.284197289943695 0
1681909479906 2.2817171788215638 0
1681909482592 2.289039514064789 0
1681909485276 2.2849379277229307 0
1681909487893 2.283810279369354 0
1681909490495 2.2844505643844606 0
1681909492986 2.283243918418884 0
1681909495415 2.2802769684791566 0
1681909498181 2.286154863834381 0
1681909502205 2.2821079969406126 0
1681909505839 2.2801412773132324 0
1681909508279 2.283949861526489 0
1681909510773 2.2825631070137025 0
1681909513806 2.2807192063331603 0
1681909516818 2.2821850562095642 0
1681909519621 2.2842302680015565 0
1681909522791 2.2846512246131896 0
1681909525134 2.281536784172058 0
1681909527690 2.2789908027648926 0
1681909530654 2.2824322319030763 0
1681909533216 2.283008062839508 0
1681909536681 2.2812177205085753 0
1681909539312 2.280661244392395 0
1681909543343 2.284666860103607 0
1681909548376 2.282959930896759 0
1681909552553 2.2829084181785584 0
1681909555665 2.2843264818191527 0
1681909558226 2.281840000152588 0
1681909561613 2.283990204334259 0
1681909566732 2.280416798591614 0
1681909569272 2.283679172992706 0
1681909572293 2.278381335735321 0
1681909574963 2.2822746777534486 0
1681909577700 2.28038375377655 0
1681909581686 2.2783582520484926 0
1681909584658 2.2808500385284423 0
1681909587291 2.279889919757843 0
1681909590691 2.28164733171463 0
1681909594191 2.278931839466095 0
1681909596782 2.281625370979309 0
1681909599252 2.283246419429779 0
1681909602601 2.282321529388428 0
1681909608615 2.2836976051330566 0
1681909611716 2.2798325061798095 0
1681909614350 2.2844333624839783 0
1681909617318 2.282596106529236 0
1681909619855 2.2812748026847838 0
1681909622816 2.281125807762146 0
1681909625152 2.276597747802734 0
1681909627546 2.2804514718055726 0
1681909630124 2.2789464497566225 0
1681909632830 2.2818884325027464 0
1681909636380 2.281138846874237 0
1681909639822 2.2825535917282105 0
1681909642588 2.280436911582947 0
1681909644943 2.2818318796157837 0
1681909647362 2.280919225215912 0
1681909649761 2.2838795709609987 0
1681909652551 2.2814516472816466 0
1681909654944 2.2806790471076965 0
1681909657648 2.281449317932129 0
1681909660717 2.280356814861298 0
1681909663532 2.2819199323654176 0
1681909666204 2.2774545192718505 0
1681909668966 2.280226809978485 0
1681909674744 2.280470139980316 0
1681909679415 2.2819175839424135 0
1681909684217 2.2815396285057066 0
1681909686698 2.278299858570099 0
1681909689126 2.2807892847061155 0
1681909691902 2.2774487018585203 0
1681909694457 2.2776214361190794 0
1681909697143 2.2793395066261293 0
1681909699707 2.2823530411720276 0
1681909702424 2.279934651851654 0
1681909704839 2.278990375995636 0
1681909707315 2.280557038784027 0
1681909709763 2.2793284916877745 0
1681909712445 2.2782933044433595 0
1681909715272 2.280575006008148 0
1681909718227 2.279135332107544 0
1681909720789 2.2782203364372253 0
1681909723558 2.2784182715415953 0
1681909726001 2.2792487812042235 0
1681909728498 2.2821800351142882 0
1681909731065 2.2760509347915647 0
1681909733580 2.282180464267731 0
1681909736011 2.280648012161255 0
1681909738458 2.279517993927002 0
1681909741267 2.2770319032669066 0
1681909743765 2.2832947182655334 0
1681909746184 2.2758776569366455 0
1681909748554 2.2793659782409668 0
1681909751069 2.282288959026337 0
1681909753544 2.2835667276382448 0
1681909755941 2.2782092308998108 0
1681909758392 2.284514832496643 0
1681909760963 2.2799086475372317 0
1681909763601 2.279804456233978 0
1681909766685 2.2774428272247316 0
1681909770033 2.282142219543457 0
1681909772713 2.278934919834137 0
1681909775093 2.2825352573394775 0
1681909777689 2.2753667426109314 0
1681909780436 2.2789418077468873 0
1681909783156 2.2759681963920593 0
1681909785707 2.280103645324707 0
1681909788822 2.2783502745628357 0
1681909791387 2.27877977848053 0
1681909793801 2.2787772464752196 0
1681909796485 2.2833399748802186 0
1681909799020 2.2794261717796327 0
1681909802583 2.2796518421173095 0
1681909806206 2.278209185600281 0
1681909809583 2.279366681575775 0
1681909813238 2.279367663860321 0
1681909817098 2.2808132362365723 0
1681909823293 2.2762243151664734 0
1681909828312 2.2816427731513977 0
1681909831305 2.275067448616028 0
1681909834921 2.275654463768005 0
1681909837406 2.2785859966278075 0
1681909839776 2.280249922275543 0
1681909842412 2.2773522973060607 0
1681909844825 2.2788782572746276 0
1681909847450 2.281674768924713 0
1681909849866 2.279397239685059 0
1681909853082 2.277445056438446 0
1681909855644 2.2765012979507446 0
1681909858045 2.277038474082947 0
1681909860659 2.2771560025215147 0
1681909863309 2.277444615364075 0
1681909865712 2.2797869658470153 0
1681909868057 2.2773501563072203 0
1681909872380 2.28154461145401 0
1681909879022 2.2790740156173706 0
1681909883879 2.277054944038391 0
1681909886873 2.2748280000686645 0
1681909889832 2.2753262519836426 0
1681909893826 2.2738547205924986 0
1681909896839 2.274119462966919 0
1681909899795 2.2763933873176576 0
1681909903797 2.27456214427948 0
1681909907325 2.2768237447738646 0
1681909912891 2.276709337234497 0
1681909916238 2.2777324080467225 0
1681909919344 2.281557960510254 0
1681909922914 2.2761978459358216 0
1681909926186 2.277162861824036 0
1681909928996 2.2773647141456603 0
1681909931735 2.2812429428100587 0
1681909934434 2.278336215019226 0
1681909937682 2.280851147174835 0
1681909940913 2.2759420824050904 0
1681909944267 2.279987154006958 0
1681909947450 2.277381601333618 0
1681909951199 2.2729443168640135 0
1681909954920 2.2796780681610107 0
1681909958283 2.277978515625 0
1681909961466 2.277003571987152 0
1681909964767 2.2754840779304506 0
1681909968161 2.279678201675415 0
1681909971137 2.279132580757141 0
1681909974299 2.2751537108421327 0
1681909977543 2.27601197719574 0
1681909981137 2.277029848098755 0
1681909984178 2.276341781616211 0
1681909987655 2.276311173439026 0
1681909991134 2.2749507355690004 0
1681909993858 2.2749740052223206 0
1681909996522 2.274441273212433 0
1681909999443 2.27744775056839 0
1681910003045 2.2776485443115235 0
1681910006193 2.27775310754776 0
1681910010023 2.2775938010215757 0
1681910014122 2.275958936214447 0
1681910018278 2.2746327447891237 0
1681910022294 2.272991178035736 0
1681910025445 2.2801184940338133 0
1681910028599 2.278975315093994 0
1681910031538 2.275649037361145 0
1681910034675 2.2750198602676392 0
1681910037510 2.2726384472846983 0
1681910040697 2.275411756038666 0
1681910043977 2.278293116092682 0
1681910046939 2.2778279757499695 0
1681910049808 2.2738836574554444 0
1681910053027 2.276255879402161 0
1681910056003 2.2752025437355043 0
1681910060164 2.276834473609924 0
1681910066701 2.2762870717048647 0
1681910072816 2.2762360095977785 0
1681910078378 2.2743887639045717 0
1681910082932 2.276430027484894 0
1681910086469 2.2727973794937135 0
1681910089558 2.2766948890686036 0
1681910092723 2.275936975479126 0
1681910095919 2.2762806677818297 0
1681910098867 2.2757970905303955 0
1681910101937 2.275675718784332 0
1681910105143 2.276598246097565 0
1681910108903 2.275293650627136 0
1681910112880 2.2775725531578064 0
1681910116096 2.274702482223511 0
1681910119250 2.277046010494232 0
1681910122495 2.2777762317657473 0
1681910126275 2.2755682921409606 0
1681910129383 2.273285782337189 0
1681910132832 2.2783294105529786 0
1681910136273 2.272513132095337 0
1681910138866 2.2794845032691957 0
1681910141388 2.2738950943946836 0
1681910144106 2.273877890110016 0
1681910146674 2.276075689792633 0
1681910149443 2.274548799991608 0
1681910152796 2.2776378321647646 0
1681910155196 2.2751082134246827 0
1681910157701 2.275930759906769 0
1681910161204 2.273849301338196 0
1681910164688 2.2752728152275083 0
1681910167960 2.2752085232734682 0
1681910171270 2.275925199985504 0
1681910174417 2.2744102597236635 0
1681910177311 2.275630462169647 0
1681910180291 2.272788634300232 0
1681910183616 2.273506796360016 0
1681910186507 2.273780255317688 0
1681910189341 2.2738579607009886 0
1681910192358 2.280137073993683 0
1681910195320 2.275644814968109 0
1681910198303 2.2753565096855164 0
1681910201549 2.2713052082061767 0
1681910206084 2.2762574338912964 0
1681910209739 2.2737271547317506 0
1681910214656 2.2750971579551695 0
