1681733275677 4.603025007247925 0
1681733275734 4.464129829406739 0
1681733275792 4.332903718948364 0
1681733275848 4.217815017700195 0
1681733275904 4.104209613800049 0
1681733275960 4.0050853252410885 0
1681733276018 3.914788818359375 0
1681733276076 3.8274730443954468 0
1681733276132 3.741056966781616 0
1681733276188 3.6613936901092528 0
1681733276246 3.583591938018799 0
1681733276305 3.5236478567123415 0
1681733276362 3.456630897521973 0
1681733276418 3.4002054929733276 0
1681733276474 3.3516863107681276 0
1681733276531 3.295599031448364 0
1681733276586 3.26602783203125 0
1681733276642 3.225897192955017 0
1681733276698 3.195122575759888 0
1681733276753 3.1484160900115965 0
1681733276810 3.1229056835174562 0
1681733276867 3.089014101028442 0
1681733276922 3.055374789237976 0
1681733276979 3.0377030611038207 0
1681733277035 3.004470872879028 0
1681733277091 2.992028021812439 0
1681733277147 2.970884609222412 0
1681733277204 2.9490761756896973 0
1681733277259 2.9307878732681276 0
1681733277316 2.9197476625442507 0
1681733277373 2.89651038646698 0
1681733277429 2.8841801643371583 0
1681733277483 2.862255859375 0
1681733277540 2.8562683343887327 0
1681733277595 2.8438364982604982 0
1681733277651 2.8296197652816772 0
1681733277707 2.8160695791244508 0
1681733277765 2.8081426858901977 0
1681733277820 2.798468589782715 0
1681733277877 2.789761543273926 0
1681733277933 2.7775963068008425 0
1681733277990 2.772441363334656 0
1681733278047 2.7644121170043947 0
1681733278102 2.752271032333374 0
1681733278158 2.7489258289337157 0
1681733278214 2.742352604866028 0
1681733278270 2.7402318716049194 0
1681733278326 2.7230916023254395 0
1681733278382 2.7161436319351195 0
1681733278437 2.719697380065918 0
1681733278492 2.7096580266952515 0
1681733278548 2.7061165809631347 0
1681733278605 2.705489730834961 0
1681733278661 2.6918339014053343 0
1681733278716 2.6919312953948973 0
1681733278772 2.6916341304779055 0
1681733278827 2.683392357826233 0
1681733278883 2.679356336593628 0
1681733278938 2.667867970466614 0
1681733278993 2.664730668067932 0
1681733279048 2.678405690193176 0
1681733279105 2.6645575046539305 0
1681733279161 2.6601899385452272 0
1681733279216 2.654196095466614 0
1681733279272 2.6616555213928224 0
1681733279327 2.6440826416015626 0
1681733279385 2.6534018754959106 0
1681733279499 2.6459958076477053 0
1681733279569 2.6390239000320435 0
1681733279629 2.6325138330459597 0
1681733279690 2.637785720825195 0
1681733279752 2.6248843669891357 0
1681733279812 2.627890610694885 0
1681733279871 2.6252771854400634 0
1681733279931 2.624044394493103 0
1681733280011 2.635478687286377 0
1681733280076 2.61627037525177 0
1681733280152 2.6118068933486938 0
1681733280209 2.606933903694153 0
1681733280270 2.617498207092285 0
1681733280327 2.618537759780884 0
1681733280382 2.607621264457703 0
1681733280468 2.6166006565093993 0
1681733280566 2.60946307182312 0
1681733280634 2.6089049100875856 0
1681733280697 2.605448770523071 0
1681733280794 2.606916332244873 0
1681733280876 2.594873547554016 0
1681733280982 2.602652430534363 0
1681733281053 2.5892252206802366 0
1681733281117 2.589905548095703 0
1681733281176 2.599064803123474 0
1681733281236 2.5998528957366944 0
1681733281295 2.601422166824341 0
1681733281356 2.601135230064392 0
1681733281414 2.58291494846344 0
1681733281472 2.5912960052490233 0
1681733281532 2.582995057106018 0
1681733281589 2.5976238489151 0
1681733281645 2.5860090970993044 0
1681733281701 2.581304168701172 0
1681733281759 2.5869733095169067 0
1681733281817 2.5789520740509033 0
1681733281879 2.5809691190719604 0
1681733281936 2.5661301136016847 0
1681733281992 2.589673972129822 0
1681733282050 2.5689477920532227 0
1681733282115 2.568498682975769 0
1681733282186 2.57211594581604 0
1681733282273 2.570498991012573 0
1681733282358 2.572329044342041 0
1681733282424 2.5825804471969604 0
1681733282521 2.5767872095108033 0
1681733282592 2.570782709121704 0
1681733282661 2.5783377408981325 0
1681733282730 2.5633574724197388 0
1681733282803 2.5715521574020386 0
1681733282873 2.5586832761764526 0
1681733282933 2.5554736375808718 0
1681733282991 2.564455199241638 0
1681733283049 2.5560394763946532 0
1681733283113 2.566603589057922 0
1681733283173 2.5625335931777955 0
1681733283237 2.5606725454330443 0
1681733283302 2.549390172958374 0
1681733283366 2.5597580909729003 0
1681733283424 2.5613163709640503 0
1681733283482 2.5581207513809203 0
1681733283544 2.561747193336487 0
1681733283599 2.545552611351013 0
1681733283655 2.562264323234558 0
1681733283712 2.55494601726532 0
1681733283768 2.558873748779297 0
1681733283826 2.5531267642974855 0
1681733283884 2.566432499885559 0
1681733283941 2.554518461227417 0
1681733283997 2.558583402633667 0
1681733284054 2.5533459186553955 0
1681733284111 2.5488370418548585 0
1681733284167 2.552484631538391 0
1681733284222 2.5527018547058105 0
1681733284279 2.545568108558655 0
1681733284336 2.5517967700958253 0
1681733284392 2.5476876497268677 0
1681733284449 2.5458946228027344 0
1681733284507 2.553805351257324 0
1681733284563 2.5429986000061033 0
1681733284621 2.5573939800262453 0
1681733284678 2.547224235534668 0
1681733284735 2.545998477935791 0
1681733284792 2.5450748682022093 0
1681733284848 2.5481762409210207 0
1681733284904 2.5396246194839476 0
1681733284959 2.53908109664917 0
1681733285016 2.5405565738677978 0
1681733285074 2.53717098236084 0
1681733285138 2.5424036264419554 0
1681733285200 2.555560040473938 0
1681733285261 2.5413371562957763 0
1681733285323 2.535368299484253 0
1681733285385 2.5375749349594114 0
1681733285450 2.5431630849838256 0
1681733285511 2.5389555931091308 0
1681733285571 2.5384885549545286 0
1681733285635 2.5430291175842283 0
1681733285693 2.5374611139297487 0
1681733285748 2.528852128982544 0
1681733285804 2.5396156311035156 0
1681733285860 2.542016625404358 0
1681733285917 2.544387102127075 0
1681733285974 2.5290364265441894 0
1681733286032 2.541395902633667 0
1681733286087 2.535585904121399 0
1681733286148 2.5494130134582518 0
1681733286207 2.534303164482117 0
1681733286270 2.530764937400818 0
1681733286327 2.535828971862793 0
1681733286384 2.5272786617279053 0
1681733286443 2.5322225093841553 0
1681733286501 2.5330371618270875 0
1681733286556 2.528378391265869 0
1681733286613 2.5404670238494873 0
1681733286668 2.5419068813323973 0
1681733286723 2.530628800392151 0
1681733286780 2.5222578048706055 0
1681733286837 2.5297690868377685 0
1681733286892 2.534036159515381 0
1681733286949 2.528880739212036 0
1681733287005 2.537171792984009 0
1681733287062 2.531600093841553 0
1681733287119 2.5300487279891968 0
1681733287176 2.533659482002258 0
1681733287234 2.526965093612671 0
1681733287289 2.526382303237915 0
1681733287345 2.52732515335083 0
1681733287401 2.528802442550659 0
1681733287457 2.540126585960388 0
1681733287513 2.5279497623443605 0
1681733287569 2.527232265472412 0
1681733287625 2.5299803256988525 0
1681733287687 2.533939504623413 0
1681733287746 2.532388520240784 0
1681733287805 2.5303230047225953 0
1681733287862 2.518159508705139 0
1681733287919 2.519239830970764 0
1681733287975 2.5306935548782348 0
1681733288031 2.5252750158309936 0
1681733288088 2.5224677085876466 0
1681733288148 2.5189286947250364 0
1681733288207 2.5245197057724 0
1681733288264 2.523143482208252 0
1681733288323 2.529385495185852 0
1681733288380 2.524711489677429 0
1681733288436 2.528662991523743 0
1681733288492 2.5165021657943725 0
1681733288548 2.519556760787964 0
1681733288605 2.531404733657837 0
1681733288661 2.527322554588318 0
1681733288719 2.518161416053772 0
1681733288776 2.518944191932678 0
1681733288832 2.5336591243743896 0
1681733288889 2.5119079113006593 0
1681733288945 2.513939046859741 0
1681733289001 2.5129474878311155 0
1681733289058 2.5263736248016357 0
1681733289114 2.5239582538604735 0
1681733289171 2.513374900817871 0
1681733289226 2.5214841604232787 0
1681733289282 2.522238039970398 0
1681733289339 2.5112974882125854 0
1681733289395 2.5221596240997313 0
1681733289451 2.524020028114319 0
1681733289507 2.5258551597595216 0
1681733289564 2.5216845273971558 0
1681733289620 2.5235867500305176 0
1681733289676 2.5235480785369875 0
1681733289732 2.5165993928909303 0
1681733289789 2.5128786087036135 0
1681733289847 2.5203572034835817 0
1681733289905 2.5205800533294678 0
1681733289961 2.5257980585098267 0
1681733290017 2.5098076343536375 0
1681733290074 2.5134998321533204 0
1681733290130 2.5164684534072874 0
1681733290186 2.525138783454895 0
1681733290250 2.5211899280548096 0
1681733290315 2.513072681427002 0
1681733290372 2.5218689918518065 0
1681733290427 2.5215156078338623 0
1681733290484 2.5243313550949096 0
1681733290540 2.5095497369766235 0
1681733290596 2.52203254699707 0
1681733290653 2.5281644821166993 0
1681733290736 2.5126955270767213 0
1681733290796 2.50612096786499 0
1681733290854 2.5226046323776243 0
1681733290911 2.5127053260803223 0
1681733290967 2.521650695800781 0
1681733291024 2.510452890396118 0
1681733291080 2.5231875658035277 0
1681733291137 2.5255120038986205 0
1681733291194 2.5143980979919434 0
1681733291250 2.515648937225342 0
1681733291307 2.5155811309814453 0
1681733291363 2.510308599472046 0
1681733291419 2.5175639629364013 0
1681733291478 2.5074899673461912 0
1681733291537 2.5085747718811033 0
1681733291593 2.5183601856231688 0
1681733291650 2.508755159378052 0
1681733291708 2.5073726415634154 0
1681733291764 2.511665606498718 0
1681733291820 2.5124521255493164 0
1681733291875 2.513437271118164 0
1681733291932 2.5075212955474853 0
1681733291988 2.5046077728271485 0
1681733292044 2.518496012687683 0
1681733292101 2.505876302719116 0
1681733292158 2.5124245643615724 0
1681733292216 2.506096363067627 0
1681733292272 2.5069624185562134 0
1681733292331 2.5113968372344972 0
1681733292387 2.5179238080978394 0
1681733292444 2.517447900772095 0
1681733292500 2.5124953031539916 0
1681733292557 2.509014534950256 0
1681733292614 2.5127660989761353 0
1681733292671 2.5124651908874513 0
1681733292726 2.505659651756287 0
1681733292783 2.5095054149627685 0
1681733292840 2.522998404502869 0
1681733292897 2.509333300590515 0
1681733292952 2.516249442100525 0
1681733293008 2.510920596122742 0
1681733293065 2.507357692718506 0
1681733293121 2.509579586982727 0
1681733293179 2.502547526359558 0
1681733293236 2.5028002738952635 0
1681733293292 2.5122876167297363 0
1681733293348 2.5132039070129393 0
1681733293405 2.5052512884140015 0
1681733293461 2.5082607507705688 0
1681733293516 2.5108263969421385 0
1681733293573 2.518199586868286 0
1681733293630 2.5121414184570314 0
1681733293687 2.5128945112228394 0
1681733293744 2.5073463678359986 0
1681733293801 2.517379093170166 0
1681733293858 2.506953811645508 0
1681733293917 2.507562446594238 0
1681733293973 2.506177234649658 0
1681733294030 2.511880373954773 0
1681733294086 2.510767364501953 0
1681733294142 2.5006458282470705 0
1681733294203 2.5028582334518434 0
1681733294261 2.5084148645401 0
1681733294317 2.504619312286377 0
1681733294375 2.5035484790802003 0
1681733294432 2.513321805000305 0
1681733294489 2.5078596830368043 0
1681733294564 2.511406588554382 0
1681733294621 2.508225655555725 0
1681733294677 2.5059383869171143 0
1681733294734 2.504505157470703 0
1681733294790 2.51420681476593 0
1681733294847 2.5015398979187013 0
1681733294903 2.511139178276062 0
1681733294959 2.5116363048553465 0
1681733295016 2.5044503688812254 0
1681733295072 2.5079550743103027 0
1681733295132 2.502036213874817 0
1681733295193 2.5092518806457518 0
1681733295254 2.509519100189209 0
1681733295317 2.505616879463196 0
1681733295378 2.4993250608444213 0
1681733295437 2.505049633979797 0
1681733295499 2.4964435338974 0
1681733295560 2.5076884031295776 0
1681733295621 2.503177762031555 0
1681733295682 2.5094279766082765 0
1681733295740 2.50038595199585 0
1681733295798 2.507890796661377 0
1681733295855 2.497648572921753 0
1681733295911 2.508524036407471 0
1681733295969 2.502009654045105 0
1681733296024 2.5031176567077638 0
1681733296082 2.500603199005127 0
1681733296142 2.5043344020843508 0
1681733296208 2.507463526725769 0
1681733296266 2.5082912921905516 0
1681733296323 2.502286100387573 0
1681733296380 2.4991611003875733 0
1681733296437 2.508724904060364 0
1681733296494 2.509915494918823 0
1681733296551 2.5100687980651855 0
1681733296608 2.510104465484619 0
1681733296665 2.506089115142822 0
1681733296721 2.5070163011550903 0
1681733296778 2.4991907119750976 0
1681733296834 2.5072736024856566 0
1681733296891 2.5069031000137327 0
1681733296948 2.494890260696411 0
1681733297006 2.5112666845321656 0
1681733297063 2.508688139915466 0
1681733297121 2.4990458488464355 0
1681733297177 2.5017786264419555 0
1681733297236 2.5034805059432985 0
1681733297292 2.507880163192749 0
1681733297349 2.5057610273361206 0
1681733297407 2.5069152116775513 0
1681733297464 2.4987143993377687 0
1681733297520 2.513132834434509 0
1681733297578 2.5052963495254517 0
1681733297643 2.5116759061813356 0
1681733297713 2.5054016590118406 0
1681733297787 2.504929518699646 0
1681733297868 2.4997159481048583 0
1681733297940 2.490972089767456 0
1681733298007 2.5026671409606935 0
1681733298064 2.4965017318725584 0
1681733298122 2.504389834403992 0
1681733298181 2.504496192932129 0
1681733298265 2.499709963798523 0
1681733298325 2.4947061777114867 0
1681733298382 2.5186288833618162 0
1681733298449 2.5086528062820435 0
1681733298523 2.5016499757766724 0
1681733298597 2.501403546333313 0
1681733298675 2.5077123403549195 0
1681733298744 2.5084299087524413 0
1681733298802 2.50306613445282 0
1681733298860 2.506624388694763 0
1681733298916 2.5020907640457155 0
1681733298974 2.4999691963195803 0
1681733299030 2.4970424652099608 0
1681733299086 2.507592701911926 0
1681733299142 2.5005828142166138 0
1681733299200 2.505794048309326 0
1681733299256 2.509967255592346 0
1681733299313 2.4984358310699464 0
1681733299370 2.4993231296539307 0
1681733299427 2.507443404197693 0
1681733299483 2.508245849609375 0
1681733299539 2.503961515426636 0
1681733299596 2.500013899803162 0
1681733299652 2.502678728103638 0
1681733299709 2.5109330892562864 0
1681733299767 2.5021634817123415 0
1681733299822 2.5049850940704346 0
1681733299879 2.500854158401489 0
1681733299938 2.501412606239319 0
1681733299995 2.5039521217346192 0
1681733300050 2.4979647636413573 0
1681733300108 2.506241273880005 0
1681733300165 2.495441961288452 0
1681733300222 2.501308298110962 0
1681733300278 2.4979592084884645 0
1681733300335 2.504557704925537 0
1681733300390 2.507387089729309 0
1681733300447 2.5014620542526247 0
1681733300504 2.5037739276885986 0
1681733300559 2.5021036148071287 0
1681733300615 2.519855093955994 0
1681733300673 2.4917378664016723 0
1681733300729 2.4953472137451174 0
1681733300786 2.50140266418457 0
1681733300843 2.5095377206802367 0
1681733300900 2.496919798851013 0
1681733300956 2.5087839365005493 0
1681733301013 2.504409980773926 0
1681733301071 2.5040711641311644 0
1681733301128 2.5076662063598634 0
1681733301184 2.504099416732788 0
1681733301242 2.4959866523742678 0
1681733301300 2.49728946685791 0
1681733301356 2.5074349641799927 0
1681733301414 2.502807950973511 0
1681733301472 2.500749444961548 0
1681733301528 2.5083128929138185 0
1681733301588 2.5001558303833007 0
1681733301645 2.497031497955322 0
1681733301702 2.49667067527771 0
1681733301758 2.498374915122986 0
1681733301813 2.5066867589950563 0
1681733301869 2.4991567373275756 0
1681733301932 2.5041298866271973 0
1681733301992 2.498896265029907 0
1681733302053 2.4985453128814696 0
1681733302113 2.4942158222198487 0
1681733302172 2.49380145072937 0
1681733302231 2.4977743148803713 0
1681733302290 2.504766821861267 0
1681733302348 2.511797571182251 0
1681733302405 2.4982780694961546 0
1681733302463 2.5040661096572876 0
1681733302519 2.4959091186523437 0
1681733302577 2.5021176815032957 0
1681733302633 2.5024649620056154 0
1681733302689 2.5053035497665403 0
1681733302746 2.504389524459839 0
1681733302804 2.50083441734314 0
1681733302861 2.5185304164886473 0
1681733302917 2.4996304750442504 0
1681733302974 2.5040563344955444 0
1681733303032 2.505968475341797 0
1681733303088 2.496686244010925 0
1681733303145 2.5069944143295286 0
1681733303201 2.492148232460022 0
1681733303257 2.4947434186935427 0
1681733303314 2.50210120677948 0
1681733303370 2.4958160638809206 0
1681733303426 2.4900537729263306 0
1681733303483 2.4928179025650024 0
1681733303540 2.4922429084777833 0
1681733303597 2.50919623374939 0
1681733303653 2.497648239135742 0
1681733303710 2.490104651451111 0
1681733303767 2.4963891744613647 0
1681733303823 2.5050289630889893 0
1681733303880 2.504941940307617 0
1681733303937 2.5064000844955445 0
1681733303993 2.5075440406799316 0
1681733304050 2.5090978145599365 0
1681733304107 2.5015713214874267 0
1681733304165 2.492668867111206 0
1681733304222 2.50652494430542 0
1681733304280 2.4976985931396483 0
1681733304337 2.500457191467285 0
1681733304393 2.4955621480941774 0
1681733304450 2.489266014099121 0
1681733304507 2.5046090602874758 0
1681733304565 2.489209294319153 0
1681733304621 2.4861062288284304 0
1681733304677 2.5018426418304442 0
1681733304733 2.498814821243286 0
1681733304789 2.4951186180114746 0
1681733304847 2.496425485610962 0
1681733304903 2.4958123922348023 0
1681733304958 2.5006868839263916 0
1681733305014 2.4976136445999146 0
1681733305070 2.4995911836624147 0
1681733305132 2.497547817230225 0
1681733305193 2.500830125808716 0
1681733305256 2.5000317096710205 0
1681733305319 2.5109133243560793 0
1681733305382 2.4968198776245116 0
1681733305442 2.4897629737854006 0
1681733305505 2.4942110061645506 0
1681733305565 2.496657156944275 0
1681733305627 2.4976125001907348 0
1681733305690 2.4939254760742187 0
1681733305747 2.5041035175323487 0
1681733305804 2.502547097206116 0
1681733305859 2.4985511541366576 0
1681733305916 2.4967885255813598 0
1681733305973 2.488284707069397 0
1681733306032 2.497881531715393 0
1681733306091 2.4965129613876345 0
1681733306149 2.5088414669036867 0
1681733306209 2.4960524559021 0
1681733306266 2.4966732263565063 0
1681733306323 2.4948824882507323 0
1681733306385 2.491127777099609 0
1681733306442 2.4924598932266235 0
1681733306500 2.510037064552307 0
1681733306556 2.4878278970718384 0
1681733306615 2.499744415283203 0
1681733306671 2.5011804819107057 0
1681733306728 2.498300886154175 0
1681733306784 2.497498941421509 0
1681733306841 2.4921121835708617 0
1681733306897 2.4891213178634644 0
1681733306953 2.5058507680892945 0
1681733307010 2.4960461378097536 0
1681733307069 2.497175693511963 0
1681733307130 2.4942124128341674 0
1681733307217 2.5013466119766234 0
1681733307276 2.496570014953613 0
1681733307332 2.4967670679092406 0
1681733307389 2.4936027050018312 0
1681733307446 2.491259789466858 0
1681733307503 2.495915937423706 0
1681733307558 2.496705985069275 0
1681733307616 2.5021947383880616 0
1681733307672 2.4967727661132812 0
1681733307729 2.4937434673309324 0
1681733307785 2.491174745559692 0
1681733307842 2.50053014755249 0
1681733307898 2.4927095651626585 0
1681733307954 2.4950121641159058 0
1681733308011 2.495212936401367 0
1681733308068 2.490665340423584 0
1681733308124 2.499510622024536 0
1681733308181 2.4931055545806884 0
1681733308238 2.4986247062683105 0
1681733308294 2.4967720985412596 0
1681733308351 2.4957087993621827 0
1681733308411 2.4959965467453005 0
1681733308469 2.4945284128189087 0
1681733308526 2.50279324054718 0
1681733308582 2.50018310546875 0
1681733308638 2.4973988056182863 0
1681733308695 2.498187041282654 0
1681733308752 2.503490376472473 0
1681733308808 2.4939674854278566 0
1681733308864 2.4975281715393067 0
1681733308920 2.496143341064453 0
1681733308977 2.498764491081238 0
1681733309035 2.4932562112808228 0
1681733309092 2.4999160766601562 0
1681733309150 2.49226861000061 0
1681733309207 2.491705393791199 0
1681733309264 2.5034264087677003 0
1681733309320 2.4944174528121947 0
1681733309392 2.4942033767700194 0
1681733309448 2.498880910873413 0
1681733309504 2.505987048149109 0
1681733309562 2.494785523414612 0
1681733309618 2.4918338537216185 0
1681733309674 2.506212019920349 0
1681733309731 2.499898171424866 0
1681733309786 2.489220476150513 0
1681733309843 2.4982606887817385 0
1681733309901 2.487426018714905 0
1681733309963 2.4913143873214723 0
1681733310020 2.5005199193954466 0
1681733310076 2.4933934450149535 0
1681733310136 2.4901561975479125 0
1681733310192 2.5008592128753664 0
1681733310246 2.4946383953094484 0
1681733311263 2.4914464712142945 0
1681733311320 2.5032641649246217 0
1681733311377 2.495382785797119 0
1681733311433 2.4994097709655763 0
1681733311492 2.498242712020874 0
1681733311548 2.488496494293213 0
1681733311607 2.492283892631531 0
1681733311664 2.505305361747742 0
1681733311721 2.493758702278137 0
1681733311778 2.498072290420532 0
1681733311834 2.4973272562026976 0
1681733311889 2.500692367553711 0
1681733311946 2.5010719776153563 0
1681733312002 2.500698685646057 0
1681733312057 2.5011250019073485 0
1681733312115 2.497145581245422 0
1681733312171 2.505480909347534 0
1681733312228 2.489135265350342 0
1681733312284 2.4999220848083494 0
1681733312342 2.496713471412659 0
1681733312398 2.4987204551696776 0
1681733312457 2.4962314128875733 0
1681733312540 2.496438193321228 0
1681733312615 2.491514539718628 0
1681733312680 2.4961262941360474 0
1681733312745 2.500561809539795 0
1681733312811 2.487899374961853 0
1681733312871 2.4919244289398192 0
1681733312947 2.4926246881484984 0
1681733313008 2.502558398246765 0
1681733313097 2.50087628364563 0
1681733313165 2.497302508354187 0
1681733313229 2.4932690382003786 0
1681733313290 2.4951131343841553 0
1681733313352 2.4962682485580445 0
1681733313413 2.498596692085266 0
1681733313474 2.5024714708328246 0
1681733313535 2.4877949476242067 0
1681733313595 2.4871295928955077 0
1681733313652 2.498163270950317 0
1681733313708 2.4924338817596436 0
1681733313764 2.4936156988143923 0
1681733313820 2.4932294368743895 0
1681733313878 2.4950387239456178 0
1681733313936 2.4922960996627808 0
1681733313997 2.4901376962661743 0
1681733314061 2.4970288038253785 0
1681733314119 2.488686275482178 0
1681733314179 2.489935779571533 0
1681733314237 2.499100947380066 0
1681733314293 2.4958895683288573 0
1681733314350 2.489267182350159 0
1681733314407 2.500715160369873 0
1681733314463 2.500352382659912 0
1681733314520 2.493510937690735 0
1681733314578 2.492662954330444 0
1681733314634 2.4986058712005614 0
1681733314693 2.4973782300949097 0
1681733314755 2.496658730506897 0
1681733314814 2.4911290407180786 0
1681733314872 2.492890977859497 0
1681733314928 2.4974100589752197 0
1681733314994 2.49724760055542 0
1681733315058 2.492294716835022 0
1681733315123 2.493635392189026 0
1681733315189 2.491642212867737 0
1681733315254 2.4996042013168336 0
1681733315317 2.498735547065735 0
1681733315380 2.4924538135528564 0
1681733315444 2.5000655889511108 0
1681733315530 2.494008684158325 0
1681733315612 2.4948402404785157 0
1681733315684 2.4906718015670775 0
1681733315780 2.4845245361328123 0
1681733316743 2.500956082344055 0
1681733316799 2.5050060510635377 0
1681733316859 2.493509078025818 0
1681733316915 2.4892526388168337 0
1681733316971 2.488892436027527 0
1681733317028 2.4969425916671755 0
1681733317083 2.489423727989197 0
1681733317169 2.4859376430511473 0
1681733317229 2.4928329229354858 0
1681733317286 2.4933274745941163 0
1681733317343 2.495480442047119 0
1681733317401 2.502060627937317 0
1681733317457 2.5036634683609007 0
1681733317512 2.4991240978240965 0
1681733317570 2.4961049556732178 0
1681733317628 2.494100832939148 0
1681733317687 2.4957144975662233 0
1681733317743 2.49702250957489 0
1681733317800 2.4921697854995726 0
1681733317856 2.488481616973877 0
1681733317915 2.501393699645996 0
1681733317972 2.4949551820755005 0
1681733318030 2.5020134925842283 0
1681733318085 2.48623948097229 0
1681733318142 2.4920392274856566 0
1681733318202 2.498126745223999 0
1681733318293 2.4938538789749147 0
1681733318364 2.4929235935211183 0
1681733318423 2.4827386856079103 0
1681733318484 2.5054436922073364 0
1681733318550 2.501588535308838 0
1681733318615 2.4883601665496826 0
1681733318677 2.488300108909607 0
1681733318736 2.491036295890808 0
1681733318796 2.4888890027999877 0
1681733318852 2.5027518033981324 0
1681733318909 2.496112608909607 0
1681733318966 2.4890307664871214 0
1681733319022 2.4912142992019652 0
1681733319080 2.4862701177597044 0
1681733319135 2.48937566280365 0
1681733319192 2.4883355379104612 0
1681733319254 2.4926169395446776 0
1681733319319 2.5017762899398805 0
1681733319375 2.4862895250320434 0
1681733319439 2.4967605590820314 0
1681733319499 2.491897797584534 0
1681733319554 2.4911895513534548 0
1681733319610 2.4947915077209473 0
1681733319667 2.4994392871856688 0
1681733319723 2.489480137825012 0
1681733319778 2.4998324394226072 0
1681733319835 2.4861754417419433 0
1681733319890 2.4967305183410646 0
1681733319947 2.482943058013916 0
1681733320002 2.5022013902664186 0
1681733320058 2.490156888961792 0
1681733320115 2.4969676733016968 0
1681733320172 2.4943865299224854 0
1681733320228 2.493447208404541 0
1681733320283 2.490635085105896 0
1681733320340 2.4892370223999025 0
1681733320396 2.491172528266907 0
1681733320451 2.4880457639694216 0
1681733320508 2.5008330821990965 0
1681733320564 2.494850754737854 0
1681733320621 2.4917893171310426 0
1681733320677 2.487236571311951 0
1681733320732 2.500398349761963 0
1681733320789 2.484090709686279 0
1681733320846 2.500735306739807 0
1681733320907 2.498639988899231 0
1681733320965 2.4989670515060425 0
1681733321022 2.4981319665908814 0
1681733321085 2.4937591791152953 0
1681733321145 2.4979538202285765 0
1681733321202 2.4950421333312987 0
1681733321258 2.4968043327331544 0
1681733321314 2.4947084903717043 0
1681733321371 2.4919018030166624 0
1681733321426 2.4927895784378054 0
1681733321483 2.4892366886138917 0
1681733321540 2.485893130302429 0
1681733321596 2.501532244682312 0
1681733321654 2.5003385066986086 0
1681733321711 2.4848806381225588 0
1681733321767 2.503389501571655 0
1681733321824 2.4994444847106934 0
1681733321881 2.495510721206665 0
1681733321937 2.4938574552536013 0
1681733321994 2.483033561706543 0
1681733322086 2.484696459770203 0
1681733322143 2.50362343788147 0
1681733322199 2.491328763961792 0
1681733322261 2.489836096763611 0
1681733322319 2.4914557933807373 0
1681733322375 2.491609477996826 0
1681733322441 2.496172022819519 0
1681733322498 2.492659568786621 0
1681733322554 2.494149899482727 0
1681733322611 2.4856260299682615 0
1681733322668 2.498735022544861 0
1681733322724 2.5015386819839476 0
1681733322780 2.4932542562484743 0
1681733322837 2.5001855850219727 0
1681733322893 2.4865947484970095 0
1681733322950 2.4890197038650514 0
1681733323006 2.4895719289779663 0
1681733323062 2.500889253616333 0
1681733323119 2.492703604698181 0
1681733323174 2.491121792793274 0
1681733323230 2.5012778520584105 0
1681733323286 2.50063636302948 0
1681733323343 2.4928616523742675 0
1681733323399 2.4916834831237793 0
1681733323455 2.498579168319702 0
1681733323512 2.486211371421814 0
1681733323568 2.491324472427368 0
1681733323623 2.495331954956055 0
1681733323698 2.493201494216919 0
1681733323756 2.5018776178359987 0
1681733323812 2.486816930770874 0
1681733323870 2.490304470062256 0
1681733323926 2.4918465852737426 0
1681733323982 2.5001941442489626 0
1681733324038 2.4871795415878295 0
1681733324094 2.5025567531585695 0
1681733324151 2.487415337562561 0
1681733324207 2.4901562452316286 0
1681733324263 2.489470624923706 0
1681733324319 2.496438717842102 0
1681733324377 2.4791821002960206 0
1681733324433 2.50237090587616 0
1681733324489 2.4976012229919435 0
1681733324546 2.4999600887298583 0
1681733324602 2.495231103897095 0
1681733324658 2.4879297733306887 0
1681733324715 2.490706729888916 0
1681733324771 2.489667010307312 0
1681733324827 2.5002252578735353 0
1681733324883 2.4925171375274657 0
1681733324941 2.497749137878418 0
1681733324998 2.4937001943588255 0
1681733325054 2.4944202423095705 0
1681733325111 2.4877233028411867 0
1681733325168 2.4884011507034303 0
1681733325231 2.486726093292236 0
1681733325296 2.5021602630615236 0
1681733325394 2.497717022895813 0
1681733325458 2.4975069522857667 0
1681733325525 2.4887832164764405 0
1681733325587 2.486401987075806 0
1681733325648 2.4938459157943726 0
1681733325710 2.4874946594238283 0
1681733325774 2.502818965911865 0
1681733325832 2.489090895652771 0
1681733325888 2.4920189142227174 0
1681733325945 2.488799285888672 0
1681733326000 2.496004319190979 0
1681733326056 2.489614224433899 0
1681733326114 2.4870442867279055 0
1681733326170 2.4831845283508303 0
1681733326225 2.4964168548583983 0
1681733326286 2.5069050550460816 0
1681733326344 2.4814398288726807 0
1681733326401 2.4963426113128664 0
1681733326458 2.491267967224121 0
1681733326513 2.494534468650818 0
1681733326569 2.49140408039093 0
1681733326624 2.491290879249573 0
1681733326681 2.4881203174591064 0
1681733326739 2.4914788007736206 0
1681733326794 2.4912291049957274 0
1681733326851 2.4872226238250734 0
1681733326907 2.493223762512207 0
1681733326963 2.494868040084839 0
1681733327020 2.4931488990783692 0
1681733327076 2.494587206840515 0
1681733327132 2.484739065170288 0
1681733327188 2.4933011531829834 0
1681733327245 2.4878321409225466 0
1681733327301 2.4982332944869996 0
1681733327357 2.4913644075393675 0
1681733327413 2.5043649673461914 0
1681733327468 2.4937052011489866 0
1681733327525 2.495527958869934 0
1681733327581 2.4951992988586427 0
1681733327638 2.4853610038757323 0
1681733327694 2.4955507278442384 0
1681733327751 2.4917534589767456 0
1681733327808 2.493212604522705 0
1681733327863 2.496722364425659 0
1681733327921 2.491722059249878 0
1681733327977 2.491487717628479 0
1681733328034 2.4893458127975463 0
1681733328090 2.49680118560791 0
1681733328146 2.4947075605392457 0
1681733328202 2.4898972511291504 0
1681733328259 2.4934427738189697 0
1681733328315 2.4917418241500853 0
1681733328371 2.48448166847229 0
1681733328428 2.4924487352371214 0
1681733328485 2.489794683456421 0
1681733328542 2.4932901859283447 0
1681733328598 2.490690493583679 0
1681733328654 2.494952178001404 0
1681733328711 2.4969110012054445 0
1681733328767 2.491794753074646 0
1681733328822 2.4908871173858644 0
1681733328879 2.4937333345413206 0
1681733328935 2.494355630874634 0
1681733328990 2.4956578969955445 0
1681733329047 2.486758661270142 0
1681733329103 2.4941473484039305 0
1681733329160 2.488090181350708 0
1681733329216 2.4855010747909545 0
1681733329272 2.485733437538147 0
1681733329327 2.4909935712814333 0
1681733329384 2.4986089706420898 0
1681733329440 2.495059943199158 0
1681733329497 2.500540328025818 0
1681733329554 2.4906355142593384 0
1681733329610 2.4968483448028564 0
1681733329667 2.483076643943787 0
1681733329724 2.4949856281280516 0
1681733329781 2.504323124885559 0
1681733329836 2.496643137931824 0
1681733329892 2.4936885595321656 0
1681733329948 2.5050745248794555 0
1681733330005 2.49492084980011 0
1681733330062 2.485872435569763 0
1681733330122 2.4966365098953247 0
1681733330179 2.489284300804138 0
1681733330235 2.489459729194641 0
1681733330292 2.4914663553237917 0
1681733330348 2.491454243659973 0
1681733330404 2.4998948097229006 0
1681733330460 2.4843215703964234 0
1681733330518 2.493592858314514 0
1681733330574 2.4866299390792848 0
1681733330630 2.488133764266968 0
1681733330687 2.484974980354309 0
1681733330743 2.4897819995880126 0
1681733330800 2.4849778175354005 0
1681733330855 2.482467269897461 0
1681733330912 2.4858679294586183 0
1681733330970 2.4960336446762086 0
1681733331025 2.4861796855926515 0
1681733331081 2.481185865402222 0
1681733331137 2.489863085746765 0
1681733331194 2.4995539665222166 0
1681733331251 2.494784688949585 0
1681733331312 2.4962290048599245 0
1681733331369 2.4940858125686645 0
1681733331426 2.484121036529541 0
1681733331482 2.5001856803894045 0
1681733331537 2.5022295713424683 0
1681733331595 2.4901915311813356 0
1681733331651 2.4965187311172485 0
1681733331707 2.494135546684265 0
1681733331765 2.4862982273101806 0
1681733331821 2.488921356201172 0
1681733331884 2.4984416484832765 0
1681733331953 2.4920044422149656 0
1681733332020 2.4891823291778565 0
1681733332083 2.4956796646118162 0
1681733332147 2.498160791397095 0
1681733332210 2.4819621324539183 0
1681733332316 2.4808504581451416 0
1681733332377 2.4946237325668337 0
1681733332438 2.490601825714111 0
1681733332515 2.484932708740234 0
1681733332582 2.4978878259658814 0
1681733332643 2.4970988988876344 0
1681733332702 2.4855645656585694 0
1681733332761 2.495604085922241 0
1681733332819 2.4901102781295776 0
1681733332878 2.4924005270004272 0
1681733332938 2.498158597946167 0
1681733332997 2.495659899711609 0
1681733333053 2.4882856130599977 0
1681733333111 2.4840176105499268 0
1681733333169 2.490200471878052 0
1681733333225 2.4919893026351927 0
1681733333281 2.4882604122161864 0
1681733333337 2.4868176221847533 0
1681733333393 2.503816270828247 0
1681733333449 2.489590883255005 0
1681733333506 2.4952273845672606 0
1681733333563 2.488211178779602 0
1681733333620 2.4969148874282836 0
1681733333678 2.489989399909973 0
1681733333735 2.481698250770569 0
1681733333791 2.4951196670532227 0
1681733333850 2.4901580095291136 0
1681733333908 2.4929701328277587 0
1681733333966 2.493598985671997 0
1681733334021 2.488578724861145 0
1681733334081 2.4845240354537963 0
1681733334140 2.485310506820679 0
1681733334200 2.492532181739807 0
1681733334257 2.4920848608016968 0
1681733334313 2.4908225297927857 0
1681733334371 2.4933873653411864 0
1681733334428 2.493723154067993 0
1681733334485 2.4929813146591187 0
1681733334542 2.4940816879272463 0
1681733334599 2.478000020980835 0
1681733334656 2.494924235343933 0
1681733334714 2.4909369468688967 0
1681733334771 2.484697937965393 0
1681733334828 2.4859546422958374 0
1681733334885 2.4917622804641724 0
1681733334941 2.488012599945068 0
1681733334998 2.501358914375305 0
1681733335053 2.4879504680633544 0
1681733335110 2.486727499961853 0
1681733335168 2.488425636291504 0
1681733335229 2.489375376701355 0
1681733335290 2.496359348297119 0
1681733335352 2.4905269622802733 0
1681733335415 2.491163206100464 0
1681733335478 2.487845230102539 0
1681733335541 2.4866843700408934 0
1681733335602 2.492275094985962 0
1681733335665 2.49256751537323 0
1681733335729 2.490972089767456 0
1681733335787 2.4849332332611085 0
1681733335843 2.4886502265930175 0
1681733335901 2.493839693069458 0
1681733335957 2.493285369873047 0
1681733336014 2.491756248474121 0
1681733336071 2.487879204750061 0
1681733336129 2.492629361152649 0
1681733336186 2.4922982454299927 0
1681733336242 2.4935559272766112 0
