1682068489511 4.443151187896729 0
1682068493130 3.847385382652283 0
1682068495600 3.5522789001464843 0
1682068498467 3.3691649198532105 0
1682068501575 3.239896821975708 0
1682068504101 3.1317041635513307 0
1682068507178 3.0303915977478026 0
1682068509800 2.9574033975601197 0
1682068512235 2.8960320234298704 0
1682068514655 2.8295300960540772 0
1682068517378 2.809181785583496 0
1682068521240 2.762037444114685 0
1682068524450 2.7406854391098023 0
1682068527891 2.71431360244751 0
1682068531188 2.702883982658386 0
1682068534509 2.6836859703063967 0
1682068537027 2.662461280822754 0
1682068541291 2.64051616191864 0
1682068544482 2.6254279375076295 0
1682068546956 2.6262473821640016 0
1682068549647 2.6264734745025633 0
1682068552085 2.6105108499526977 0
1682068554536 2.607712459564209 0
1682068557028 2.584479880332947 0
1682068559734 2.5879295587539675 0
1682068562672 2.5773416996002196 0
1682068565225 2.5741785287857057 0
1682068568144 2.5622101068496703 0
1682068570709 2.561323070526123 0
1682068573223 2.568652629852295 0
1682068575744 2.548470211029053 0
1682068578476 2.5461161375045775 0
1682068581001 2.531474494934082 0
1682068583503 2.5294862508773805 0
1682068586071 2.530599570274353 0
1682068588787 2.5250605821609495 0
1682068591285 2.5213709592819216 0
1682068593740 2.5116623401641847 0
1682068596203 2.5084770202636717 0
1682068598983 2.5145265102386474 0
1682068601442 2.4956806898117065 0
1682068603933 2.485929989814758 0
1682068607478 2.4928392648696898 0
1682068610645 2.4945475816726685 0
1682068614235 2.4852747678756715 0
1682068617726 2.4809322595596313 0
1682068621189 2.47252836227417 0
1682068624077 2.4689519882202147 0
1682068628034 2.453905487060547 0
1682068631199 2.4592371225357055 0
