1682067880040 4.297137832641601 0
1682067882196 3.66078360080719 0
1682067884439 3.383726787567139 0
1682067887425 3.2423821449279786 0
1682067889839 3.132972264289856 0
1682067892164 3.0571117877960203 0
1682067894445 2.9728819131851196 0
1682067896896 2.904308867454529 0
1682067899247 2.836037349700928 0
1682067901664 2.7973054170608522 0
1682067903979 2.7631791114807127 0
1682067906874 2.7265320777893067 0
1682067910602 2.7161882877349854 0
1682067913091 2.68873336315155 0
1682067916511 2.6929800271987916 0
1682067919078 2.668325686454773 0
1682067921463 2.6597900867462156 0
1682067923827 2.641151690483093 0
1682067926191 2.6252156257629395 0
1682067928772 2.6196635007858275 0
1682067931151 2.6088635444641115 0
1682067933509 2.5996529817581178 0
1682067935867 2.5941104650497437 0
1682067938431 2.5988000869750976 0
1682067941002 2.5845128297805786 0
1682067943734 2.5765289783477785 0
1682067946195 2.5692376852035523 0
1682067948576 2.574082779884338 0
1682067950808 2.5588783502578734 0
1682067953041 2.5631305456161497 0
1682067955372 2.55435426235199 0
1682067957754 2.541017198562622 0
1682067960023 2.5388962507247923 0
1682067962321 2.535623073577881 0
1682067964570 2.527400040626526 0
1682067967363 2.519992208480835 0
1682067969840 2.5086615324020385 0
1682067972243 2.5095852613449097 0
1682067974585 2.50664222240448 0
1682067977111 2.5024173498153686 0
1682067979558 2.502781558036804 0
1682067981912 2.497437000274658 0
1682067984279 2.4925787925720213 0
1682067986817 2.49333655834198 0
1682067989243 2.476521372795105 0
1682067991723 2.4743292808532713 0
1682067994126 2.468824052810669 0
1682067996558 2.4574339151382447 0
1682067999068 2.466360569000244 0
1682068001494 2.471481204032898 0
1682068003849 2.464552903175354 0
1682068006229 2.463846802711487 0
1682068008816 2.4423195123672485 0
1682068011223 2.46320219039917 0
1682068014170 2.4430402517318726 0
1682068016703 2.442601180076599 0
1682068019222 2.4273710012435914 0
1682068021792 2.414708638191223 0
1682068024447 2.421116852760315 0
1682068026930 2.4267295360565186 0
1682068029385 2.406046986579895 0
1682068031762 2.4025223731994627 0
1682068034107 2.4063234090805055 0
1682068036612 2.4063727617263795 0
1682068039124 2.381977391242981 0
1682068041502 2.392603349685669 0
1682068043919 2.381939172744751 0
1682068046309 2.3791759967803956 0
1682068048863 2.3763466119766234 0
1682068051260 2.3624252319335937 0
1682068053626 2.3579553842544554 0
1682068056041 2.3492273092269897 0
1682068058670 2.341973638534546 0
1682068060915 2.3352890253067016 0
1682068063174 2.3328641414642335 0
1682068065413 2.327324151992798 0
1682068067798 2.325984168052673 0
1682068070044 2.3175974130630492 0
1682068072298 2.3206855058670044 0
1682068074527 2.310432195663452 0
1682068076820 2.3057904958724977 0
1682068079075 2.29333074092865 0
1682068081338 2.289701962471008 0
1682068083572 2.293328547477722 0
1682068085809 2.268559527397156 0
1682068088150 2.2749119281768797 0
1682068090706 2.279840660095215 0
1682068093210 2.2661364316940307 0
1682068095641 2.265959453582764 0
1682068098280 2.2703052759170532 0
1682068100684 2.257926893234253 0
1682068103129 2.246988606452942 0
1682068105529 2.257521462440491 0
1682068108171 2.240142345428467 0
1682068110574 2.246977758407593 0
1682068112985 2.2535479068756104 0
1682068115424 2.230675792694092 0
1682068118084 2.2273313760757447 0
1682068120508 2.231617546081543 0
1682068122930 2.220936727523804 0
1682068125347 2.2283602952957153 0
1682068127988 2.209627604484558 0
1682068130432 2.212987017631531 0
1682068132859 2.209180760383606 0
1682068135528 2.2068769216537474 0
1682068138179 2.2057894229888917 0
1682068140549 2.176739454269409 0
1682068142905 2.1937262773513795 0
1682068145317 2.1937401056289674 0
1682068147830 2.1886059761047365 0
1682068150161 2.1852730751037597 0
1682068152444 2.1698215007781982 0
1682068154725 2.172790217399597 0
1682068157138 2.163195037841797 0
1682068159456 2.1610618829727173 0
1682068161721 2.162659764289856 0
1682068164030 2.1592522144317625 0
1682068166338 2.1526463270187377 0
1682068168789 2.161886978149414 0
1682068171047 2.1518380641937256 0
1682068173330 2.147190737724304 0
1682068175584 2.128320050239563 0
1682068177870 2.135351061820984 0
1682068180117 2.1330854654312135 0
1682068182374 2.1269773483276366 0
1682068184669 2.1176476001739504 0
1682068187053 2.116288113594055 0
1682068189411 2.1161463975906374 0
1682068191690 2.1201343297958375 0
1682068194012 2.107039475440979 0
1682068196292 2.106890058517456 0
1682068198929 2.1034313917160032 0
1682068201489 2.10165159702301 0
1682068203878 2.09102623462677 0
1682068206215 2.0966094017028807 0
1682068208811 2.100170397758484 0
1682068211159 2.0838465690612793 0
1682068213539 2.088615155220032 0
1682068215974 2.0801377296447754 0
1682068218534 2.0723246812820433 0
1682068220949 2.065275526046753 0
1682068223416 2.0678381443023683 0
1682068225792 2.0681007385253904 0
1682068228372 2.0721683502197266 0
1682068230782 2.0634725213050844 0
1682068233355 2.0672202110290527 0
1682068235719 2.0577900409698486 0
1682068238294 2.053857851028442 0
1682068240729 2.0447429895401 0
1682068243176 2.0454142808914186 0
1682068245534 2.0503520250320433 0
1682068248124 2.0477787017822267 0
1682068250506 2.051473593711853 0
1682068252927 2.0340765833854677 0
1682068255314 2.031977987289429 0
1682068257932 2.0302834033966066 0
1682068260351 2.0175662994384767 0
1682068263693 2.0324536561965942 0
1682068266627 2.030360770225525 0
1682068269696 2.021514022350311 0
1682068272790 2.0269295811653136 0
1682068275762 2.025639009475708 0
1682068278968 2.0174702525138857 0
1682068282231 2.0178309321403503 0
1682068285583 2.015481734275818 0
1682068288529 2.0109155058860777 0
1682068291717 2.011876630783081 0
1682068295033 1.998588991165161 0
1682068297822 2.013243520259857 0
1682068300742 2.014591383934021 0
1682068303490 1.9977714896202088 0
1682068306258 1.973792016506195 0
1682068308676 1.9937347650527955 0
1682068311395 1.9960821151733399 0
1682068313952 1.989713191986084 0
1682068317249 1.9916260361671447 0
1682068321124 1.9740883588790894 0
1682068323752 1.9805946826934815 0
1682068326272 1.9685341477394105 0
1682068329179 1.974109172821045 0
1682068331476 1.970991587638855 0
1682068334377 1.9819112300872803 0
1682068336800 1.9679803371429443 0
1682068339663 1.9631233096122742 0
1682068342022 1.963615894317627 0
1682068344349 1.9621808409690857 0
1682068346646 1.9632284760475158 0
1682068349169 1.9678941726684571 0
1682068352074 1.9561800599098205 0
1682068355163 1.9427618026733398 0
1682068357980 1.9561050891876222 0
1682068360644 1.961192262172699 0
1682068363126 1.9511512756347655 0
1682068365936 1.9464278101921082 0
1682068368962 1.9553210616111756 0
1682068371711 1.9510922312736512 0
1682068374495 1.9503266572952271 0
1682068377608 1.9379780173301697 0
1682068380850 1.9345783233642577 0
1682068383499 1.9422367453575133 0
1682068387766 1.927704131603241 0
1682068390823 1.9272014021873474 0
1682068393640 1.9288609623908997 0
1682068396381 1.927790927886963 0
1682068399581 1.9426451444625854 0
1682068402233 1.927458143234253 0
1682068405414 1.932214343547821 0
1682068408335 1.9172839164733886 0
1682068410752 1.9162579417228698 0
1682068413113 1.9265089869499206 0
1682068415488 1.914598035812378 0
1682068418182 1.9196283578872682 0
1682068420627 1.9324700593948365 0
1682068423028 1.9118960618972778 0
1682068425453 1.9018090963363647 0
1682068428119 1.920893621444702 0
1682068430496 1.902021336555481 0
1682068432908 1.8955196022987366 0
1682068435333 1.8956495881080628 0
1682068437971 1.900492548942566 0
1682068440439 1.8944434523582458 0
1682068442972 1.8786889553070067 0
1682068445608 1.893657422065735 0
1682068448528 1.9149602413177491 0
1682068450937 1.9021373748779298 0
1682068453391 1.8976088404655456 0
1682068456858 1.9051094889640807 0
